phnews24x7,2017-06-13 23:41,soldier killed while rescuing wounded comrades in marawi ,"(['Philippines'], Location((12.7503486, 122.7312101, 0.0)))",en,0.172949,0.009416,0.617187,0.298365,0.21489,"['sadness', 0.617187]"
Iam_katcoo,2017-06-13 23:35,look soldier civilians cry as phl flag raised at provincial capitol in marawi,"(['Philippines'], Location((12.7503486, 122.7312101, 0.0)))",en,0.056362,0.036983,0.768064,0.088165,0.172202,"['sadness', 0.768064]"
whoiskarlon,2017-06-13 23:33,the established doctrine is to not negotiate with terrorists and this include the ones in marawi city now ,"(['cebu city'], Location((10.3090298, 123.8930839, 0.0)))",en,0.157099,0.02798,0.283068,0.31606,0.087882,"['fear', 0.31606]"
itsmeteachernik,2017-06-13 23:30,russian  chinese combatants will never help us with the marawi siege its only the us troops that will back up the philippines,"(['National Capital Region', ' Repub'], Location((14.5736108, 121.0329706, 0.0)))",en,0.036614,0.145113,0.10766,0.488682,0.036452,"['fear', 0.488682]"
cebudailynews,2017-06-13 23:27,marawi evacuees boost economy of nearby town,"(['NRA', ' Cebu City', ' Philippines'], Location((39.369933, -120.233522, 0.0)))",en,0.026218,0.709672,0.084621,0.173396,0.031806,"['joy', 0.709672]"
WapaelDunKir,2017-06-13 23:25,we are going to marawi with freyas leadership,"(['Iceland', ' Philippines'], Location((51.38660965, 0.547714867236, 0.0)))",en,0.03749,0.232668,0.036254,0.525669,0.016583,"['fear', 0.525669]"
mila_d_aguilar,2017-06-13 23:22,marawi siege a catandmouse game,"(['Quezon City', ' Metro Manila PH'], Location((14.6509905, 121.0486155, 0.0)))",en,0.09372,0.209808,0.154508,0.052373,0.148721,"['joy', 0.209808]"
manilabulletin,2017-06-13 23:20,p10b budget to aid marawi pushed  read u befullyinformed,"(['Manila', ' Philippines'], Location((14.5906216, 120.9799696, 0.0)))",en,0.105823,0.154267,0.265831,0.231443,0.429344,"['disgust', 0.429344]"
icefirexd,2017-06-13 23:19,watching beyondpolitics on anc from up iis  prof darwin absari explaining things bout marawi please do well man from my dad,"(['Jolo', ' Sulu'], Location((6.0536561, 121.0002644, 0.0)))",en,0.319267,0.33272,0.263651,0.168281,0.080736,"['joy', 0.33272]"
realpolitik11,2017-06-13 23:16,on presence of us military forces in marawi  cpp,"(['Philippines'], Location((12.7503486, 122.7312101, 0.0)))",en,0.079731,0.313669,0.1504,0.4336,0.054376,"['fear', 0.4336]"
ANCALERTS,2017-06-13 23:15,marawi city siege enters 4th week,"(['Philippines'], Location((12.7503486, 122.7312101, 0.0)))",en,0.062091,0.26741,0.25217,0.088109,0.120811,"['joy', 0.26741]"
inquirer_libre,2017-06-13 23:14,aguirre eyes financial assistance to fallen wounded soldiers in marawi,"(['Philippines'], Location((12.7503486, 122.7312101, 0.0)))",en,0.033071,0.028695,0.45343,0.16068,0.111177,"['sadness', 0.45343]"
TheBenildean,2017-06-13 23:12,csg dedicates open mic event for marawi victims,"(['Manila', ' Philippines'], Location((14.5906216, 120.9799696, 0.0)))",en,0.122274,0.222502,0.426314,0.047777,0.225105,"['sadness', 0.426314]"
inquirer_libre,2017-06-13 23:08,icymi us ambassador mum on details of military support in marawi,"(['Philippines'], Location((12.7503486, 122.7312101, 0.0)))",en,0.016377,0.075217,0.302398,0.262344,0.457353,"['disgust', 0.457353]"
LeePhillipCruz,2017-06-13 23:07,business supplemental budget eyed for marawi rehab,"(['Baliuag', ' Bulacan'], Location((14.9585037, 120.8970405, 0.0)))",en,0.088762,0.235715,0.134937,0.172255,0.23439,"['joy', 0.235715]"
cebudailynews,2017-06-13 23:05,isis praises jihadist attacks in marawiiran,"(['NRA', ' Cebu City', ' Philippines'], Location((39.369933, -120.233522, 0.0)))",en,0.084489,0.027526,0.214329,0.164646,0.570448,"['disgust', 0.570448]"
LeePhillipCruz,2017-06-13 23:02,headlines displaced marawi schoolchildren suffering from trauma,"(['Baliuag', ' Bulacan'], Location((14.9585037, 120.8970405, 0.0)))",en,0.07278,0.011189,0.695379,0.430941,0.03275,"['sadness', 0.695379]"
JJadedJane,2017-06-13 22:59,3rd week already  the extremists in marawi have not yet run out of ammo who supplied these mofos,"(['Republic of the Philippines'], Location((12.7503486, 122.7312101, 0.0)))",en,0.09066,0.221134,0.378814,0.097479,0.140409,"['sadness', 0.378814]"
fiestasaquiapo,2017-06-13 22:56,marawi bishop prays for normalcy freedom from fear violence ,"(['Republic of the Philippines'], Location((12.7503486, 122.7312101, 0.0)))",en,0.045912,0.013178,0.109866,0.926843,0.057916,"['fear', 0.926843]"
JJadedJane,2017-06-13 22:55,no one is winning this war in marawi casualties on both sides  collaterally  damage to buildings the only winners here are arms dealers,"(['Republic of the Philippines'], Location((12.7503486, 122.7312101, 0.0)))",en,0.157985,0.212283,0.232802,0.266774,0.286206,"['disgust', 0.286206]"
DigitalBelle,2017-06-13 22:54,robredo thanks us for helping afp fight marawi terrorists ,"(['Republic of the Philippines'], Location((12.7503486, 122.7312101, 0.0)))",en,0.139391,0.132587,0.082898,0.310317,0.077523,"['fear', 0.310317]"
gmanews,2017-06-13 22:54,slain soldier not picked for marawi deployment but chose to go 2,"(['Philippines'], Location((12.7503486, 122.7312101, 0.0)))",en,0.056973,0.19255,0.255646,0.196111,0.034166,"['sadness', 0.255646]"
inquirer_libre,2017-06-13 22:51,icymi in fight for marawi city a painful window on war d,"(['Philippines'], Location((12.7503486, 122.7312101, 0.0)))",en,0.137836,0.0046,0.551996,0.457209,0.207924,"['sadness', 0.551996]"
IamKalayaan,2017-06-13 22:47,the isis fans club constructed underground tunnels in marawi they had long prepared for this fight by ,"(['Philippines'], Location((12.7503486, 122.7312101, 0.0)))",en,0.208238,0.082814,0.200102,0.053868,0.683548,"['disgust', 0.683548]"
carmscastelo,2017-06-13 22:45,the town of bacacay is mourning the loss of our kababayan bernie john lunas a member of philippine marines who died fighting in marawi,"(['Philippines'], Location((12.7503486, 122.7312101, 0.0)))",en,0.071333,0.007082,0.762226,0.131069,0.319878,"['sadness', 0.762226]"
ANCALERTS,2017-06-13 22:45,the mautes and marawi city a familys quest for vengeance,"(['Philippines'], Location((12.7503486, 122.7312101, 0.0)))",en,0.31992,0.188575,0.136299,0.055,0.051576,"['anger', 0.31992]"
sunstarcebu,2017-06-13 22:44,does the country need us help in marawi city operations heres defense chief lorenzana,"(['Cebu', ' Philippines'], Location((10.45, 123.84, 0.0)))",en,0.035858,0.024669,0.17976,0.168066,0.172357,"['sadness', 0.17976]"
dariuscastada,2017-06-13 22:42,we got a new classmate from marawi,"(['Malaybalay City', ' Bukidnon'], Location((8.1553979, 125.1304492, 0.0)))",en,0.261819,0.51196,0.13359,0.122054,0.090709,"['joy', 0.51196]"
phnews24x7,2017-06-13 22:41,slain soldier not picked for marawi deployment but chose to go ,"(['Philippines'], Location((12.7503486, 122.7312101, 0.0)))",en,0.056973,0.19255,0.255646,0.196111,0.034166,"['sadness', 0.255646]"
inquirerdotnet,2017-06-13 22:40,aguirre eyes financial assistance to fallen wounded soldiers in marawi c,"(['Makati City'], Location((14.5591272, 121.0202094, 0.0)))",en,0.033071,0.028695,0.45343,0.16068,0.111177,"['sadness', 0.45343]"
gmanews,2017-06-13 22:39,soldier killed while rescuing wounded comrades in marawi,"(['Philippines'], Location((12.7503486, 122.7312101, 0.0)))",en,0.172949,0.009416,0.617187,0.298365,0.21489,"['sadness', 0.617187]"
mirasga,2017-06-13 22:36,when asked by a magistrate if any of the petitioners have been to marawi they answered none,"(['Davao City', ' Philippines'], Location((7.22650725, 125.454887691, 0.0)))",en,0.289568,0.129269,0.317571,0.105041,0.062858,"['sadness', 0.317571]"
bobitsalcedo,2017-06-13 22:35,as the photos of fallen soldiers of marawi city is being shown yesterday i see gallant young men  their families in anguish at their loss,"(['Manila'], Location((14.5906216, 120.9799696, 0.0)))",en,0.038175,0.116736,0.761229,0.148877,0.085807,"['sadness', 0.761229]"
QuezonPclo,2017-06-13 22:28,on marawi crisis hoping the drone be used in locating isis so that no more lives from govt troop be wasted,"(['Lucena City', ' Phili'], Location((13.9269297, 121.6131654, 0.0)))",en,0.188507,0.004526,0.595768,0.190512,0.221413,"['sadness', 0.595768]"
rgsunico,2017-06-13 22:27,martial law arguments aside the marawi conflict needs to end i fear our military cant handle urban warfare,"(['Taguig'], Location((14.5266254, 121.074403, 0.0)))",en,0.166482,0.011626,0.125557,0.863742,0.029433,"['fear', 0.863742]"
meowmommylatte,2017-06-13 22:27,instead of buying designer gowns y not help filipino in marawi,"(['Bataan'], Location((14.666667, 120.416667, 0.0)))",en,0.21832,0.270249,0.381587,0.04108,0.155733,"['sadness', 0.381587]"
EdgeDavao,2017-06-13 22:24,adiong says marawi bracing for worst once banggolo bridge opens,"(['Davao City', ' Philippines'], Location((7.22650725, 125.454887691, 0.0)))",en,0.284988,0.03208,0.542065,0.25933,0.175486,"['sadness', 0.542065]"
inquirer_libre,2017-06-13 22:22,marawi bishop prays for normalcy freedom from fear violence,"(['Philippines'], Location((12.7503486, 122.7312101, 0.0)))",en,0.045912,0.013178,0.109866,0.926843,0.057916,"['fear', 0.926843]"
officialdohgov,2017-06-13 22:17,doh on top of health situation in marawi amidst crisis,"(['Manila'], Location((14.5906216, 120.9799696, 0.0)))",en,0.083433,0.344401,0.144506,0.415629,0.129788,"['fear', 0.415629]"
AiloTimeLow,2017-06-13 22:13,crisis sa marawi people leni wer u at independence day leni dont fear i am here people waht,"(['Philippines'], Location((12.7503486, 122.7312101, 0.0)))",en,0.109577,0.125298,0.430707,0.254086,0.376528,"['sadness', 0.430707]"
JegoRagragio,2017-06-13 22:12,the afp is making marawi peaceful not duterte heck he isnt even calling the shots anymore us assistance di niya alam,"(['Quezon City'], Location((14.6509905, 121.0486155, 0.0)))",en,0.03477,0.055704,0.612811,0.048663,0.108916,"['sadness', 0.612811]"
sunstarcebu,2017-06-13 22:11,poll was the government correct in asking the help of the us in battling the terrorists in marawi city,"(['Cebu', ' Philippines'], Location((10.45, 123.84, 0.0)))",en,0.295066,0.052721,0.362659,0.240027,0.160488,"['sadness', 0.362659]"
PhilippineStar,2017-06-13 22:09,independence rallies hit terrorism us involvement in marawi d,"(['Philippines'], Location((12.7503486, 122.7312101, 0.0)))",en,0.098686,0.023245,0.189284,0.542906,0.360814,"['fear', 0.542906]"
PHLNewsOnline,2017-06-13 22:08,gma news slain soldier not picked for marawi deployment but chose to go d,"(['Philippines'], Location((12.7503486, 122.7312101, 0.0)))",en,0.062206,0.173133,0.366409,0.227076,0.086371,"['sadness', 0.366409]"
PHLNewsOnline,2017-06-13 22:08,gma news soldier killed while rescuing wounded comrades in marawi d,"(['Philippines'], Location((12.7503486, 122.7312101, 0.0)))",en,0.13828,0.00853,0.635962,0.299919,0.247291,"['sadness', 0.635962]"
ryam_bantilan,2017-06-13 22:08,a22 day crisis at marawi city heartless devastmaute killed innocent people emotionally breakdown to the families of victimgod,"(['metro manila Philippines'], Location((14.5736108, 121.0329706, 0.0)))",en,0.229061,0.037127,0.58014,0.176334,0.308215,"['sadness', 0.58014]"
ABSCBNNews,2017-06-13 22:07,the mautes and marawi city a familys quest for vengeance 2,"(['Manila', ' Philippines'], Location((14.5906216, 120.9799696, 0.0)))",en,0.31992,0.188575,0.136299,0.055,0.051576,"['anger', 0.31992]"
ANCALERTS,2017-06-13 22:05,maute matriarch exmayor among 11 indicted for marawi rebellion,"(['Philippines'], Location((12.7503486, 122.7312101, 0.0)))",en,0.062147,0.426391,0.254937,0.045074,0.001178,"['joy', 0.426391]"
PHHotTrends,2017-06-13 22:04,of an estimated 2200 schoolchildren displaced from marawi city deped said only 3600 have enrolled in new schoo,"(['Manila City'], Location((14.5906216, 120.9799696, 0.0)))",en,0.033235,0.210491,0.075269,0.131731,0.049074,"['joy', 0.210491]"
PHHotTrends,2017-06-13 22:04,displaced marawi schoolchildren suffering from trauma,"(['Manila City'], Location((14.5906216, 120.9799696, 0.0)))",en,0.070597,0.010844,0.686849,0.458405,0.016937,"['sadness', 0.686849]"
iamhazuke,2017-06-13 22:00,is the government plan is to destroy everything in marawi city peacebewithus,"(['Philippines'], Location((12.7503486, 122.7312101, 0.0)))",en,0.584388,0.007676,0.407934,0.176517,0.106644,"['anger', 0.584388]"
AFPCRS,2017-06-13 22:00,your armed forces of the philippines will never falter in their quest for freedom of marawi prayforourtroops,"(['Camp Aguinaldo', ' Quezon City'], Location((14.6065379, 121.063758836, 0.0)))",en,0.157779,0.098452,0.176853,0.65307,0.098489,"['fear', 0.65307]"
PIADesk,2017-06-13 22:00,president duterte honors soldiers killed in marawi siege defendrepublic  8,"(['Philippines'], Location((12.7503486, 122.7312101, 0.0)))",en,0.335099,0.166845,0.294223,0.152402,0.292804,"['anger', 0.335099]"
dianersarenas,2017-06-13 21:58,france france nakngpatingwhy dont you go first to marawi or in any evacuation center france franceheal heal tumigil nga kayo,"(['Manila', ' Philippines'], Location((14.5906216, 120.9799696, 0.0)))",en,0.043125,0.201017,0.555481,0.170732,0.006118,"['sadness', 0.555481]"
dianersarenas,2017-06-13 21:56,you not go to marawi first or cdo or iligan huh,"(['Manila', ' Philippines'], Location((14.5906216, 120.9799696, 0.0)))",en,0.092926,0.265373,0.058315,0.048765,0.169011,"['joy', 0.265373]"
inquirer_libre,2017-06-13 21:52,icymi marawi folk soldiers raise ph flag with heavy hearts,"(['Philippines'], Location((12.7503486, 122.7312101, 0.0)))",en,0.028012,0.079185,0.587286,0.223989,0.317146,"['sadness', 0.587286]"
PhilstarNews,2017-06-13 21:51,of an estimated 2200 schoolchildren displaced from marawi city deped said only 3600 have enrolled in new schools,"(['Manila', ' Philippines'], Location((14.5906216, 120.9799696, 0.0)))",en,0.045329,0.251698,0.106041,0.196212,0.067296,"['joy', 0.251698]"
melodymonreal,2017-06-13 21:49,sigh it crumbles my weak heart into pieces i do feel melancholic this time of the night marawi  feeling sad,"(['Antipolo City'], Location((14.5870262, 121.1758611, 0.0)))",en,0.04543,0.013056,0.963373,0.09436,0.056653,"['sadness', 0.963373]"
PhOnlineInfo,2017-06-13 21:43,bubbles paraiso defends angel locsins trip to marawi city  watch video here  bubbles paraiso defends uuc,"(['Republic of the Philippines'], Location((12.7503486, 122.7312101, 0.0)))",en,0.055459,0.537287,0.139514,0.057795,0.283668,"['joy', 0.537287]"
inquirerdotnet,2017-06-13 21:42,marawi bishop prays for normalcy freedom from fear violence  jmaurelioinqhttp,"(['Makati City'], Location((14.5591272, 121.0202094, 0.0)))",en,0.045912,0.013178,0.109866,0.926843,0.057916,"['fear', 0.926843]"
barnabychuck,2017-06-13 21:42,now on its 3rd week when battle for marawi in the philippines will end remains unclear my cgtnofficial report,"(['Manila', ' Philippines'], Location((14.5906216, 120.9799696, 0.0)))",en,0.191684,0.059596,0.570794,0.177879,0.040811,"['sadness', 0.570794]"
nerowattz,2017-06-13 21:41,marawi bishop prays for normalcy freedom from fear violence inquirermobilehttp,"(['Makati City'], Location((14.5591272, 121.0202094, 0.0)))",en,0.045912,0.013178,0.109866,0.926843,0.057916,"['fear', 0.926843]"
annafelicia_,2017-06-13 21:38,slain soldier not picked to be deployed to marawi but chose to go via gmanews,"(['Quezon City', ' National Capital Region'], Location((14.6509905, 121.0486155, 0.0)))",en,0.02746,0.248901,0.308641,0.323888,0.060434,"['fear', 0.323888]"
Crishan23,2017-06-13 21:36,it breaks my heart to hear the stories of civilians trapped in marawi siege i hope this ends soon pray for marawi stateofdnation,"(['Makati'], Location((14.55459465, 121.021407905, 0.0)))",en,0.031209,0.030384,0.744212,0.290594,0.080398,"['sadness', 0.744212]"
JoshSagdullas,2017-06-13 21:36,dnd us isnt on the ground theyre giving us technical support but us was seen flying drones around marawi collecting info huh,"(['Tacloban City', ' Eastern Visayas'], Location((14.6614269, 121.0469718, 0.0)))",en,0.023684,0.157146,0.020934,0.024067,0.259177,"['disgust', 0.259177]"
LOCALNEWSNgayon,2017-06-13 21:35,slain soldier not picked for marawi deployment but chose to go  read via gma news,"(['Philippines'], Location((12.7503486, 122.7312101, 0.0)))",en,0.027565,0.268683,0.334449,0.308655,0.134883,"['sadness', 0.334449]"
cadetdugumon,2017-06-13 21:32,snappy salute to these fallen heroes and to my mistahs showing gallantry in marawi,"(['Marikina City', ' Philippines'], Location((14.6331084, 121.0993541, 0.0)))",en,0.075128,0.398949,0.288202,0.054287,0.089252,"['joy', 0.398949]"
LOCALNEWSNgayon,2017-06-13 21:30,soldier killed while rescuing wounded comrades in marawi  read via gma news,"(['Philippines'], Location((12.7503486, 122.7312101, 0.0)))",en,0.076956,0.015921,0.561409,0.362909,0.328627,"['sadness', 0.561409]"
ANCALERTS,2017-06-13 21:30,terrorists in marawi may have political motives says sc magistrate d02,"(['Philippines'], Location((12.7503486, 122.7312101, 0.0)))",en,0.191124,0.005815,0.190591,0.304801,0.18228,"['fear', 0.304801]"
sunstarcebu,2017-06-13 21:23,arrest orders will soon be served against people who have committed cyber sedition over marawi crisis ,"(['Cebu', ' Philippines'], Location((10.45, 123.84, 0.0)))",en,0.308156,0.021062,0.289358,0.333004,0.337168,"['disgust', 0.337168]"
cebudailynews,2017-06-13 21:22,trauma bars marawi kids from enrolling,"(['NRA', ' Cebu City', ' Philippines'], Location((39.369933, -120.233522, 0.0)))",en,0.087725,0.034065,0.6433,0.360651,0.06846,"['sadness', 0.6433]"
TausugAku95,2017-06-13 21:07,honestly i dnt trust them fully as long as sec lorenzana is around he will instruct every military to kill everyone that moves in marawi,"(['Maimbung', ' Sulu'], Location((5.9309973, 121.0269364, 0.0)))",en,0.272562,0.086718,0.409365,0.424191,0.151335,"['fear', 0.424191]"
sandybitch,2017-06-13 21:05, government knew about marawi attack 5 days before actual attack  government leaves for junket to russia u,"(['Philippines'], Location((12.7503486, 122.7312101, 0.0)))",en,0.345517,0.001563,0.224183,0.501435,0.326475,"['fear', 0.501435]"
fiestasaquiapo,2017-06-13 21:04,solon pushes for probe on us troops role in marawi operations  bulatlat,"(['Republic of the Philippines'], Location((12.7503486, 122.7312101, 0.0)))",en,0.058337,0.046014,0.206287,0.107713,0.115576,"['sadness', 0.206287]"
yusufledesma,2017-06-13 20:59,inquirerdotnet maranao leaders seek dialogue with duterte on marawi conflict,"(['Manila'], Location((14.5906216, 120.9799696, 0.0)))",en,0.168345,0.27534,0.281326,0.116195,0.17632,"['sadness', 0.281326]"
mimai1122,2017-06-13 20:58,dswd fo x marawi clash briefer update as of 400pm june 13 2017 the dswd field office 10 disaster operation,"(['Philippines'], Location((12.7503486, 122.7312101, 0.0)))",en,0.10467,0.066698,0.297478,0.151243,0.147857,"['sadness', 0.297478]"
TausugAku95,2017-06-13 20:56,if carpio restricts ml to marawi only then he is looking for a long road to peace,"(['Maimbung', ' Sulu'], Location((5.9309973, 121.0269364, 0.0)))",en,0.028585,0.563785,0.059452,0.060829,0.010661,"['joy', 0.563785]"
tonyocruz,2017-06-13 20:54,instead of psywar afp should answer 1 what happened to the june 12 deadline of defeating the maute group and retaking whole of marawi,"(['Manila', ' Philippines'], Location((14.5906216, 120.9799696, 0.0)))",en,0.115152,0.047716,0.52491,0.458274,0.053984,"['sadness', 0.52491]"
sweet17claire,2017-06-13 20:50,its deeply saddening to hear of people questioning the marawi relief operations made by angel,"(['manila'], Location((14.5906216, 120.9799696, 0.0)))",en,0.028157,0.35868,0.031258,0.172062,0.102411,"['joy', 0.35868]"
AFPManila,2017-06-13 20:49,filipino soldiers patrol the wartorn city of marawi where troops have been battling islamist militants for three weeks,"(['Manila'], Location((14.5906216, 120.9799696, 0.0)))",en,0.161528,0.157878,0.359079,0.196464,0.055427,"['sadness', 0.359079]"
hayeerah98,2017-06-13 20:48,afp will going to attack those masjids allahu akbar the house of allah pray for marawi,"(['Philippines'], Location((12.7503486, 122.7312101, 0.0)))",en,0.065201,0.022095,0.237285,0.785159,0.15474,"['fear', 0.785159]"
EagleNewsPH,2017-06-13 20:48,video president dutertes wake visit to marines killed in marawi ,"(['Quezon City', 'Philippines'], Location((14.6509905, 121.0486155, 0.0)))",en,0.510226,0.075935,0.24652,0.231119,0.247172,"['anger', 0.510226]"
PiaMoran27,2017-06-13 20:47,prayer marawi,"(['mnl'], Location((14.5121499, 121.022046716, 0.0)))",en,0.048672,0.218886,0.64983,0.1821,0.002023,"['sadness', 0.64983]"
EllaVillacourt,2017-06-13 20:42,praying for you marawi,"(['Central Luzon'], Location((15.39091185, 120.685699512, 0.0)))",en,0.033806,0.026312,0.415428,0.589497,0.154411,"['fear', 0.589497]"
phnews24x7,2017-06-13 20:40,militants control 20 of marawi  military officials ,"(['Philippines'], Location((12.7503486, 122.7312101, 0.0)))",en,0.079689,0.147931,0.144249,0.343391,0.26213,"['fear', 0.343391]"
tonyocruz,2017-06-13 20:40,i dont understand this afp relief mission for soldiers in marawi,"(['Manila', ' Philippines'], Location((14.5906216, 120.9799696, 0.0)))",en,0.024208,0.134302,0.059745,0.311903,0.022873,"['fear', 0.311903]"
inquirerdotnet,2017-06-13 20:34,will carpio restrict martiallaw to marawi mmlorals c,"(['Makati City'], Location((14.5591272, 121.0202094, 0.0)))",en,0.08686,0.174219,0.151545,0.093654,0.072945,"['joy', 0.174219]"
radikalchick,2017-06-13 20:33,sometimes you wonder if these soundbites help at all  marawi mindanao martiallaw,"(['Philippines'], Location((12.7503486, 122.7312101, 0.0)))",en,0.033512,0.143532,0.385121,0.155262,0.032977,"['sadness', 0.385121]"
deanjorgebocobo,2017-06-13 20:33,the proverbial hat is being passed around to get troops in marawi clothes socks and hygiene kits gotta wonder about ammo intel medevac,"(['Philippines'], Location((12.7503486, 122.7312101, 0.0)))",en,0.32747,0.069394,0.21031,0.141347,0.130726,"['anger', 0.32747]"
chrgovph,2017-06-13 20:31,ensure welfare of idps in marawi chr urges all concerned agencies to ensure the welfare of civilians 00 u,"(['Republic of the Philippines'], Location((12.7503486, 122.7312101, 0.0)))",en,0.096338,0.060366,0.096274,0.144304,0.057867,"['fear', 0.144304]"
travelferdie,2017-06-13 20:30,sole hero project 500 prs of undies n socks for our soldiers in marawi city please donate pm me smsupermalls uniqloph,"(['National Capital Region', ' Repub'], Location((14.5736108, 121.0329706, 0.0)))",en,0.061737,0.353302,0.077194,0.155403,0.055729,"['joy', 0.353302]"
teddyboylocsin,2017-06-13 20:30,hes right marawi is pretty good imitation of rebellion  strongly looks like what it is a war w a foreign element somewhat like invasion,"(['Philippines'], Location((12.7503486, 122.7312101, 0.0)))",en,0.064718,0.674409,0.102582,0.072227,0.054269,"['joy', 0.674409]"
VK_Hafsah14,2017-06-13 20:29,thnks vicegandako spreadlove pray for marawi,"(['Northern Mindanao'], Location((8.40488525, 124.687196067, 0.0)))",en,0.05644,0.064362,0.366261,0.413341,0.143155,"['fear', 0.413341]"
mojoJOJOpas,2017-06-13 20:25,to all marines and who fought in marawi siege who died a snappy salute and say thank you 9,"(['Cagayan De Oro City'], Location((8.42980265, 124.682410212, 0.0)))",en,0.130919,0.219466,0.565152,0.115912,0.058047,"['sadness', 0.565152]"
ANCALERTS,2017-06-13 20:24,absari says marawi should be under rehabilitation soon regain their trust beyondpolitics,"(['Philippines'], Location((12.7503486, 122.7312101, 0.0)))",en,0.149574,0.25372,0.193523,0.189507,0.055525,"['joy', 0.25372]"
EagleNewsPH,2017-06-13 20:22,video president duterte leads arrival honors for marines killed in action in marawi ,"(['Quezon City', 'Philippines'], Location((14.6509905, 121.0486155, 0.0)))",en,0.256828,0.165536,0.202794,0.088497,0.39506,"['disgust', 0.39506]"
ANCALERTS,2017-06-13 20:21,absari even if we end marawi crisis the will of moros to fight will remain beyondpolitics,"(['Philippines'], Location((12.7503486, 122.7312101, 0.0)))",en,0.213673,0.02752,0.348974,0.427911,0.341555,"['fear', 0.427911]"
yaboybenitto,2017-06-13 20:20,no i should be thanking you for your service and sacrifice good with marawi i hope it sorts out soon,"(['Jaro', ' Iloilo City'], Location((10.7474825, 122.565137288, 0.0)))",en,0.011998,0.693382,0.155087,0.00427,0.050262,"['joy', 0.693382]"
inquirer_libre,2017-06-13 20:20,dswd to distribute p1k each for marawi evacuees ramadan food,"(['Philippines'], Location((12.7503486, 122.7312101, 0.0)))",en,0.172176,0.194445,0.244555,0.103694,0.145044,"['sadness', 0.244555]"
gmanews,2017-06-13 20:19,govt had prior info on marawi attack bato admits c9,"(['Philippines'], Location((12.7503486, 122.7312101, 0.0)))",en,0.139729,0.006928,0.625389,0.283857,0.200227,"['sadness', 0.625389]"
ANCALERTS,2017-06-13 20:19,absari the question is not to end marawi crisis these incidents have a connection to bigger moro aspirations beyondpolitics,"(['Philippines'], Location((12.7503486, 122.7312101, 0.0)))",en,0.143089,0.034706,0.186948,0.318128,0.287654,"['fear', 0.318128]"
ANCALERTS,2017-06-13 20:18,absari i think the marawi siege will end soon mautes have left marawi already beyondpolitics,"(['Philippines'], Location((12.7503486, 122.7312101, 0.0)))",en,0.160606,0.045905,0.596858,0.255549,0.07888,"['sadness', 0.596858]"
rhizamanzano,2017-06-13 20:17,58 livesfrom government troop were lost in marawi nakalulungkot let there be peace,"(['Philippines'], Location((12.7503486, 122.7312101, 0.0)))",en,0.240382,0.127622,0.632463,0.111843,0.092387,"['sadness', 0.632463]"
gojuris,2017-06-13 20:14,my uber problems are nothing compared to whats happening in marawi sigh,"(['Quezon City'], Location((14.6509905, 121.0486155, 0.0)))",en,0.144951,0.011651,0.747034,0.327153,0.014823,"['sadness', 0.747034]"
yolynne,2017-06-13 20:11,flags at zamboanga city flown at halfmast as nation mourns marawi heroes and victims ,"(['Zamboanga City', ' Philippines'], Location((6.9046004, 122.0763695, 0.0)))",en,0.076036,0.096803,0.547118,0.010347,0.457958,"['sadness', 0.547118]"
inquirer_libre,2017-06-13 20:11,will carpio restrict martial law to marawi,"(['Philippines'], Location((12.7503486, 122.7312101, 0.0)))",en,0.152595,0.092647,0.162491,0.180854,0.152723,"['fear', 0.180854]"
tj_roxas,2017-06-13 20:10,govt had prior info on marawi attack bato admits  news  gma news online via gmanews,"(['Philippines'], Location((12.7503486, 122.7312101, 0.0)))",en,0.073543,0.010931,0.598346,0.378333,0.26457,"['sadness', 0.598346]"
ceazar_aquino,2017-06-13 20:09,may political consultant na nagpost ng let us not rebuild marawito be a remembrance for me dear jun palafox your country needs you,"(['Philippines'], Location((12.7503486, 122.7312101, 0.0)))",en,0.325739,0.061365,0.164756,0.071203,0.082657,"['anger', 0.325739]"
radyopilipinas1,2017-06-13 20:09,pnp chief bato de la rosa to send overweight policemen to marawi,"(['Quezon City', ' Philippines'], Location((14.6509905, 121.0486155, 0.0)))",en,0.104674,0.376674,0.254394,0.183694,0.122202,"['joy', 0.376674]"
deanjorgebocobo,2017-06-13 20:08,whoa are things this bad with the afp troops in marawi they need clothes socks hygiene kits while mocha swims in p12b intel funds,"(['Philippines'], Location((12.7503486, 122.7312101, 0.0)))",en,0.147582,0.064564,0.15389,0.158905,0.394392,"['disgust', 0.394392]"
inquirer_libre,2017-06-13 20:07,solon seeks p10b supplemental budget for marawi city,"(['Philippines'], Location((12.7503486, 122.7312101, 0.0)))",en,0.140278,0.262923,0.238347,0.120822,0.296744,"['disgust', 0.296744]"
ANCALERTS,2017-06-13 20:07,how did marawi ended up with terror groups absari points lack of political will of the leaders to impose discipline beyondpolitics,"(['Philippines'], Location((12.7503486, 122.7312101, 0.0)))",en,0.133875,0.026571,0.116787,0.798262,0.10828,"['fear', 0.798262]"
Istrayber,2017-06-13 20:06,padian market about a kilometer away from the banggolo bridge in marawi city day 21 and counting,"(['National Capital Region'], Location((14.5736108, 121.0329706, 0.0)))",en,0.178899,0.335278,0.28829,0.173589,0.075679,"['joy', 0.335278]"
tonyocruz,2017-06-13 20:03,stars and stripes over marawi  my latest column in manilabulletin,"(['Manila', ' Philippines'], Location((14.5906216, 120.9799696, 0.0)))",en,0.065916,0.342707,0.19673,0.122674,0.043211,"['joy', 0.342707]"
nerowattz,2017-06-13 20:02,aguirre eyes financial assistance to fallen wounded soldiers in marawi inquirermobilehttpu8,"(['Makati City'], Location((14.5591272, 121.0202094, 0.0)))",en,0.033071,0.028695,0.45343,0.16068,0.111177,"['sadness', 0.45343]"
jeanboink,2017-06-13 20:02,prayers to all the heroes in marawi,"(['Philippines'], Location((12.7503486, 122.7312101, 0.0)))",en,0.040388,0.568498,0.37626,0.028592,0.00293,"['joy', 0.568498]"
ANCALERTS,2017-06-13 20:01,absari i dont think the govt had neglected marawi there was just failure to anticipate the attacks beyondpoltics,"(['Philippines'], Location((12.7503486, 122.7312101, 0.0)))",en,0.086008,0.002423,0.61608,0.478081,0.116054,"['sadness', 0.61608]"
PIADesk,2017-06-13 20:00,going through the horrors of war in marawi city a survivors tale defendrepublic ,"(['Philippines'], Location((12.7503486, 122.7312101, 0.0)))",en,0.09634,0.020837,0.153767,0.817466,0.078846,"['fear', 0.817466]"
PhilippineStar,2017-06-13 20:00,taps for heroes of marawi,"(['Philippines'], Location((12.7503486, 122.7312101, 0.0)))",en,0.079668,0.588091,0.111471,0.021995,0.059733,"['joy', 0.588091]"
VeneeR58,2017-06-13 19:57,wazzup calida they knew about mautes marawi siege afp entered marawi only to get hapilon cayamora maute part of dutertes clean up plan,"(['Philippines'], Location((12.7503486, 122.7312101, 0.0)))",en,0.12214,0.10662,0.244159,0.119437,0.078222,"['sadness', 0.244159]"
lou_mhel,2017-06-13 19:56,abscbnnews terrorists in marawi may have political motives says sc magistrate martiallaworals ,"(['Republic of the Philippines'], Location((12.7503486, 122.7312101, 0.0)))",en,0.191124,0.005815,0.190591,0.304801,0.18228,"['fear', 0.304801]"
FatmahAli5,2017-06-13 19:56,hello miss vice thank u very much from the people of marawi city,"(['Paranaque City', ' National Capit'], Location((49.2086619, -2.0238323, 0.0)))",en,0.095374,0.209568,0.643453,0.080589,0.021815,"['sadness', 0.643453]"
oscarfbtan,2017-06-13 19:55,sisyphuslament will carpio restrict martial law to marawi inquirerdotnet,"(['Manila', ' Philippines'], Location((14.5906216, 120.9799696, 0.0)))",en,0.152595,0.092647,0.162491,0.180854,0.152723,"['fear', 0.180854]"
evanpavon,2017-06-13 19:54,dont be like this please islam has nothing to do with whats happening in marawi terrorism has no religion dont be ignorant,"(['Republic of the Philippines'], Location((12.7503486, 122.7312101, 0.0)))",en,0.163361,0.00682,0.424467,0.259828,0.206801,"['sadness', 0.424467]"
jeboalacarte,2017-06-13 19:53, and their families whore victims of this marawi siege if you can only hear their stories and see them cry for their misfortune,"(['Davao City', ' Philippines'], Location((7.22650725, 125.454887691, 0.0)))",en,0.112516,0.037263,0.661003,0.073559,0.367481,"['sadness', 0.661003]"
edikdolotina,2017-06-13 19:52,its not yet too late let congressph do their session in marawi now if they are really for the people neveragain silentnomoreph,"(['Cebu', ' Philippines'], Location((10.45, 123.84, 0.0)))",en,0.599253,0.068893,0.216466,0.1381,0.285201,"['anger', 0.599253]"
ANCALERTS,2017-06-13 19:51,absari on factors that led to marawi siege people are engaged in clan wars guns drugs some people think it as cleansing beyondpolitics,"(['Philippines'], Location((12.7503486, 122.7312101, 0.0)))",en,0.300286,0.051039,0.252815,0.259355,0.227394,"['anger', 0.300286]"
deanjorgebocobo,2017-06-13 19:51,abella says duterte is in excellent health is just taking a rest day all at the height of the battle for marawi and independence day,"(['Philippines'], Location((12.7503486, 122.7312101, 0.0)))",en,0.16686,0.601734,0.060858,0.120237,0.017327,"['joy', 0.601734]"
iamPHANG,2017-06-13 19:45,youngest soldier killed in action in marawi  an albayano,"(['Pioduran', ' Albay'], Location((13.0512035, 123.4540275, 0.0)))",en,0.352263,0.016613,0.352443,0.444916,0.160285,"['fear', 0.444916]"
iamHananKina,2017-06-13 19:44,please dont destroy masjids pray for marawi,"(['Philippines'], Location((12.7503486, 122.7312101, 0.0)))",en,0.056732,0.064933,0.366093,0.409745,0.143181,"['fear', 0.409745]"
nerowattz,2017-06-13 19:41,will carpio restrict martial law to marawi inquirermobilehttp,"(['Makati City'], Location((14.5591272, 121.0202094, 0.0)))",en,0.152595,0.092647,0.162491,0.180854,0.152723,"['fear', 0.180854]"
fab_tuazon,2017-06-13 19:40,taken a year ago 2nd time visiting marawi city far from todays,"(['Cebu City'], Location((10.3090298, 123.8930839, 0.0)))",en,0.044196,0.369568,0.312722,0.084994,0.065413,"['joy', 0.369568]"
ANCALERTS,2017-06-13 19:40,us soldiers role in marawi limited to technical matters says afp,"(['Philippines'], Location((12.7503486, 122.7312101, 0.0)))",en,0.031223,0.06752,0.140412,0.051845,0.158216,"['disgust', 0.158216]"
TausugAku95,2017-06-13 19:38,this so called convos between a tausug and maranaws are lies yes there are tausugs fighting in marawi but this kind of propaganda is govt,"(['Maimbung', ' Sulu'], Location((5.9309973, 121.0269364, 0.0)))",en,0.3475,0.00894,0.67076,0.088347,0.153749,"['sadness', 0.67076]"
ceazar_aquino,2017-06-13 19:38,thank you tvpatrol for reporting the afps next targets in marawi i am sure the maute group appreciates it very much,"(['Philippines'], Location((12.7503486, 122.7312101, 0.0)))",en,0.046111,0.239124,0.007872,0.020505,0.006786,"['joy', 0.239124]"
ANCALERTS,2017-06-13 19:38,what made marawi city vulnerable to terrorists up institute of islamic studies prof darwin absari weighs in marawiclash,"(['Philippines'], Location((12.7503486, 122.7312101, 0.0)))",en,0.312996,0.086795,0.540492,0.181948,0.092082,"['sadness', 0.540492]"
ANCALERTS,2017-06-13 19:36,absari on what made marawi vulnerable according to some sources on ground maute issue began with a simple rido beyondpolitics,"(['Philippines'], Location((12.7503486, 122.7312101, 0.0)))",en,0.259523,0.569523,0.180357,0.017098,0.001558,"['joy', 0.569523]"
greataness,2017-06-13 19:36,hoy bato the lack of resources in marawi is not a fucking joke whats happening in marawi is never funny gago,"(['Philippines'], Location((12.7503486, 122.7312101, 0.0)))",en,0.226168,0.067911,0.304317,0.159724,0.435967,"['disgust', 0.435967]"
PHLNewsOnline,2017-06-13 19:35,news5 5 civilians killed 8 others taken hostage in marawi 300 to 500 still trapped in c,"(['Philippines'], Location((12.7503486, 122.7312101, 0.0)))",en,0.442155,0.017154,0.384369,0.37578,0.125342,"['anger', 0.442155]"
manilabulletin,2017-06-13 19:32,five more trapped civilians  five policemen able to escape to a safe zone in marawi city on tuesday  via mbftwakefield,"(['Manila', ' Philippines'], Location((14.5906216, 120.9799696, 0.0)))",en,0.051626,0.136005,0.072042,0.189716,0.01203,"['fear', 0.189716]"
teddyboylocsin,2017-06-13 19:31,she is referring to congress which wont review martial law the executive was faithful in declaring it in the face of marawi,"(['Philippines'], Location((12.7503486, 122.7312101, 0.0)))",en,0.091629,0.030275,0.080986,0.071051,0.350132,"['disgust', 0.350132]"
AksyonTV,2017-06-13 19:29,marawi crisis  its terrorism not rebellion lagman insists in sc oral argument  u,"(['TV5', ' Philippines'], Location((47.8967217, 106.887564062, 0.0)))",en,0.520156,0.006863,0.073119,0.192783,0.182374,"['anger', 0.520156]"
PHLNewsOnline,2017-06-13 19:29,news5 marawi crisis  its terrorism not rebellion lagman insists in sc oral argument,"(['Philippines'], Location((12.7503486, 122.7312101, 0.0)))",en,0.520156,0.006863,0.073119,0.192783,0.182374,"['anger', 0.520156]"
MBFTWakefield,2017-06-13 19:28,manilabulletin five more trapped civilians  five policemen able to escape to a safe zone in marawi city on tuesday,"(['Manila'], Location((14.5906216, 120.9799696, 0.0)))",en,0.072678,0.116424,0.061868,0.140568,0.008529,"['fear', 0.140568]"
anjoestyl,2017-06-13 19:28,fallen heroes 8 soldiears killed in marawi via youtube,"(['Davao Region'], Location((7.0645241, 125.6084143, 0.0)))",en,0.213788,0.157017,0.45867,0.161364,0.191573,"['sadness', 0.45867]"
marieabesamis,2017-06-13 19:27,i saw the news earlier i think more people need to know about the 5 muslim policemen who hid christians in marawi in order to save them,"(['Makati City'], Location((14.5591272, 121.0202094, 0.0)))",en,0.210158,0.064837,0.475935,0.131155,0.412038,"['sadness', 0.475935]"
ilovepagadian,2017-06-13 19:27,video a tribute to our fallen heroes at the marawi seige,"(['Pagadian City'], Location((7.8249717, 123.4365816, 0.0)))",en,0.04351,0.621039,0.204836,0.020122,0.103135,"['joy', 0.621039]"
tonyocruz,2017-06-13 19:27,update reliefph for marawi,"(['Manila', ' Philippines'], Location((14.5906216, 120.9799696, 0.0)))",en,0.058991,0.089989,0.210689,0.035772,0.015817,"['sadness', 0.210689]"
teddyboylocsin,2017-06-13 19:25,edcel theres still time walk into marawi right now and from the place flying with bullets tell us on tv it is not happeningaarrggh,"(['Philippines'], Location((12.7503486, 122.7312101, 0.0)))",en,0.252194,0.237732,0.15522,0.147691,0.100711,"['anger', 0.252194]"
Doriangregg,2017-06-13 19:24,is there enough basis for martial law in marawi yes for the rest of mindanao a definite no,"(['Tacloban City'], Location((14.6614269, 121.0469718, 0.0)))",en,0.117726,0.036165,0.278836,0.113782,0.064093,"['sadness', 0.278836]"
_lhorz,2017-06-13 19:24,pray for marawi pray for our country,"(['Manila City', ' National Capital'], Location((14.5906216, 120.9799696, 0.0)))",en,0.028941,0.027437,0.427295,0.568925,0.167955,"['fear', 0.568925]"
teddyboylocsin,2017-06-13 19:24,am sure there were reports  assessments from the field that turned out inaccurate except the evidence of all our eyes that we lost marawi,"(['Philippines'], Location((12.7503486, 122.7312101, 0.0)))",en,0.150562,0.016233,0.658407,0.349178,0.096297,"['sadness', 0.658407]"
ffreethinkers,2017-06-13 19:20,its more fun no more dot calls for sensitivity due to marawi crisis,"(['Philippines'], Location((12.7503486, 122.7312101, 0.0)))",en,0.114582,0.015094,0.299256,0.414807,0.134921,"['fear', 0.414807]"
davidcambay,2017-06-13 19:20,vp robredo slams doj sec aguirre for using fake news on the marawi conflict aldubisback mlftscaughtoncam,"(['San Pedro', ' Calabarzon'], Location((-24.1602794, -56.713749623, 0.0)))",en,0.370269,0.008275,0.446973,0.090079,0.346493,"['sadness', 0.446973]"
PhilippineStar,2017-06-13 19:20,marawi crisis wont delay bbl  dureza,"(['Philippines'], Location((12.7503486, 122.7312101, 0.0)))",en,0.115432,0.009369,0.19774,0.615588,0.299511,"['fear', 0.615588]"
softpinkishlips,2017-06-13 19:18,my heart goes to the victims and heroes of marawi marawi,"(['Manila'], Location((14.5906216, 120.9799696, 0.0)))",en,0.019571,0.452736,0.466707,0.029516,0.086412,"['sadness', 0.466707]"
teddyboylocsin,2017-06-13 19:16,why our boys are fighting and dying in marawifor the minimum for us not for them many of em will be dead no freedom in the grave,"(['Philippines'], Location((12.7503486, 122.7312101, 0.0)))",en,0.261037,0.007402,0.779884,0.124411,0.101747,"['sadness', 0.779884]"
genetorres11,2017-06-13 19:16,he has attended so many funerals of those who sacrificed their lives for the people of marawi to stay independent i think that counts more,"(['Cebu City'], Location((10.3090298, 123.8930839, 0.0)))",en,0.074955,0.050621,0.806438,0.045652,0.174645,"['sadness', 0.806438]"
inquirer_libre,2017-06-13 19:15,robredo thanks us for helping afp fight marawi terrorists,"(['Philippines'], Location((12.7503486, 122.7312101, 0.0)))",en,0.139391,0.132587,0.082898,0.310317,0.077523,"['fear', 0.310317]"
ABSCBNNews,2017-06-13 19:15,terrorists in marawi may have political motives says sc magistrate martiallaworalshttp,"(['Manila', ' Philippines'], Location((14.5906216, 120.9799696, 0.0)))",en,0.191124,0.005815,0.190591,0.304801,0.18228,"['fear', 0.304801]"
lauron_18,2017-06-13 19:14,i really admire you 143redangel ate angel for helping people in marawi pray for marawi,"(['Quezon City'], Location((14.6509905, 121.0486155, 0.0)))",en,0.007946,0.705672,0.183169,0.102905,0.02655,"['joy', 0.705672]"
gmanews,2017-06-13 19:11,military struggles as marawi siege enters fourth week,"(['Philippines'], Location((12.7503486, 122.7312101, 0.0)))",en,0.095896,0.062624,0.673163,0.213184,0.107419,"['sadness', 0.673163]"
LOCALNEWSNgayon,2017-06-13 19:10,govt had prior info on marawi attack bato admits  read via gma news,"(['Philippines'], Location((12.7503486, 122.7312101, 0.0)))",en,0.07131,0.012698,0.577755,0.356262,0.311798,"['sadness', 0.577755]"
eurielflores,2017-06-13 19:10,why wont filipino celebrities make a charity event like a concert for the war in marawislain soldiers,"(['Baguio/Manila'], Location((14.4413411, 121.0328316, 0.0)))",en,0.070754,0.444756,0.197472,0.065611,0.336384,"['joy', 0.444756]"
phnews24x7,2017-06-13 19:10,islamic state praises jihadist attacks in marawi iran ,"(['Philippines'], Location((12.7503486, 122.7312101, 0.0)))",en,0.053789,0.044621,0.287326,0.269431,0.419649,"['disgust', 0.419649]"
ANCALERTS,2017-06-13 19:10,palace marawi crisis could have been worse 2,"(['Philippines'], Location((12.7503486, 122.7312101, 0.0)))",en,0.151527,0.003889,0.451413,0.49951,0.241556,"['fear', 0.49951]"
ilovepagadian,2017-06-13 19:06,video a tribute to our fallen heroes at the marawi seige ,"(['Pagadian City'], Location((7.8249717, 123.4365816, 0.0)))",en,0.04351,0.621039,0.204836,0.020122,0.103135,"['joy', 0.621039]"
denissemay,2017-06-13 19:04,salute to the brave hearts who sacrifice their lives for our country may all their souls rest in peace marawi,"(['Paris / Manila'], Location((14.5684204, 120.9952845, 0.0)))",en,0.011988,0.363379,0.604285,0.039897,0.015577,"['sadness', 0.604285]"
talkfunnyjokes,2017-06-13 19:03,angel locsin was bashed for helping out marawi city evacuees talkfunnyjokes,"(['Cebu'], Location((10.45, 123.84, 0.0)))",en,0.009191,0.491068,0.08568,0.070667,0.02427,"['joy', 0.491068]"
nerowattz,2017-06-13 19:01,dswd to distribute p1k each for marawi evacuees ramadan food inquirermobilehttp,"(['Makati City'], Location((14.5591272, 121.0202094, 0.0)))",en,0.172176,0.194445,0.244555,0.103694,0.145044,"['sadness', 0.244555]"
upvCMSC,2017-06-13 19:01,thank you for your big hearts lets continue to pray and help our brothers and sisters in marawi city thank you and god bless 9,"(['Iloilo', ' Philippines'], Location((10.9534597, 122.5756326, 0.0)))",en,0.004159,0.932225,0.034872,0.015215,0.009269,"['joy', 0.932225]"
PHHotTrends,2017-06-13 18:54,grocery shopping for marawi marawiupdates philstarstylehttps,"(['Manila City'], Location((14.5906216, 120.9799696, 0.0)))",en,0.039404,0.279309,0.057165,0.121604,0.046798,"['joy', 0.279309]"
PhilstarNews,2017-06-13 18:53,grocery shopping for marawi marawiupdates philstarstyle,"(['Manila', ' Philippines'], Location((14.5906216, 120.9799696, 0.0)))",en,0.039404,0.279309,0.057165,0.121604,0.046798,"['joy', 0.279309]"
sebaekinated,2017-06-13 18:53,tbh i want to throw her at marawi rn,"(['PH'], Location((12.44249325, 122.160395164, 0.0)))",en,0.35432,0.039118,0.346909,0.109818,0.31322,"['anger', 0.35432]"
gangbadoy,2017-06-13 18:51,i recall ex pasigrep romanromulo incl h20 in the list of items on the price freeze list during disasters why is rice 225kilo in marawi,"(['Manila', ' Philippines'], Location((14.5906216, 120.9799696, 0.0)))",en,0.079475,0.022598,0.828326,0.05984,0.115026,"['sadness', 0.828326]"
ANCALERTS,2017-06-13 18:50,its more fun no more dot calls for sensitivity due to marawi crisis d,"(['Philippines'], Location((12.7503486, 122.7312101, 0.0)))",en,0.114582,0.015094,0.299256,0.414807,0.134921,"['fear', 0.414807]"
inquirer_libre,2017-06-13 18:44,icymi palace knew marawi plot ahead of attack u,"(['Philippines'], Location((12.7503486, 122.7312101, 0.0)))",en,0.18143,0.06945,0.312479,0.4932,0.24648,"['fear', 0.4932]"
PHLNewsOnline,2017-06-13 18:44,gma news military struggles as marawi siege enters fourth week 1,"(['Philippines'], Location((12.7503486, 122.7312101, 0.0)))",en,0.08577,0.049558,0.700342,0.229981,0.136552,"['sadness', 0.700342]"
itsAaronDane,2017-06-13 18:43,all these news about people affected by marawi siege makes me really sad and frustrated esp news about kids and babies,"(['Manila', ' Philippines'], Location((14.5906216, 120.9799696, 0.0)))",en,0.290551,0.011835,0.733164,0.110821,0.163256,"['sadness', 0.733164]"
AlexandraTengco,2017-06-13 18:42,accounts of muslims standing up for their christian brothers and sisters restore my faith in humanity lord we pray for marawi,"(['Manila', ' Philippines'], Location((14.5906216, 120.9799696, 0.0)))",en,0.112163,0.361714,0.078312,0.057537,0.522214,"['disgust', 0.522214]"
mletnotadrill,2017-06-13 18:42,i recall bob dylans masters of war look at them green and say big words while marawi burns,"(['Republic of the Philippines'], Location((12.7503486, 122.7312101, 0.0)))",en,0.201933,0.176205,0.233243,0.331636,0.290742,"['fear', 0.331636]"
saklawph,2017-06-13 18:42,retweeted cnn philippines  cnnphilippines help soldiers marawi residents through ogopmarawi d,"(['Paranaque City'], Location((49.2086619, -2.0238323, 0.0)))",en,0.03932,0.147141,0.163936,0.152052,0.159609,"['sadness', 0.163936]"
lrigeulb,2017-06-13 18:41,can u pls tell them to give d money to the evacuation centers na lang children are dying save d money for marawi,"(['New York and Manila'], Location((14.6115603, 121.1013321, 0.0)))",en,0.235745,0.056948,0.63273,0.075798,0.067027,"['sadness', 0.63273]"
JunioJhaja,2017-06-13 18:41,captured by a friend we dont see dis in the news praying 4 d soldiers hus risking der lives 4 r country prayforoursoldiers pray for marawi 9u,"(['Makati City', ' Philipines'], Location((14.5591272, 121.0202094, 0.0)))",en,0.032094,0.095276,0.455653,0.555667,0.083653,"['fear', 0.555667]"
iamJEFFRandom,2017-06-13 18:41,editing my next vid now this is gonna have the longest cold opening ive had it has a marawi tribute and a reminder to never be afraid,"(['Marikina', ' PH / in transit'], Location((14.6331084, 121.0993541, 0.0)))",en,0.042289,0.351099,0.190436,0.296156,0.067356,"['joy', 0.351099]"
LOCALNEWSNgayon,2017-06-13 18:40,military struggles as marawi siege enters fourth week  read via gma news,"(['Philippines'], Location((12.7503486, 122.7312101, 0.0)))",en,0.040135,0.07467,0.609732,0.304403,0.208782,"['sadness', 0.609732]"
DawnerysPinol,2017-06-13 18:37,we are mourning with you pray for marawi,"(['Davao City', ' Davao Region'], Location((7.22650725, 125.454887691, 0.0)))",en,0.035313,0.03055,0.709185,0.301218,0.10028,"['sadness', 0.709185]"
samuraichopstix,2017-06-13 18:35,heartbreaking to hear stories of civilians who escaped from marawi how can we help,"(['Manila and Tokyo'], Location((14.6075902, 121.0955127, 0.0)))",en,0.03329,0.150123,0.599172,0.077218,0.036589,"['sadness', 0.599172]"
rizzaberts,2017-06-13 18:34,sad news just keep on coming still praying for marawi,"(['MNL', ' Philippines'], Location((14.5121499, 121.022046716, 0.0)))",en,0.044949,0.00832,0.840363,0.245638,0.09289,"['sadness', 0.840363]"
pebblepepper,2017-06-13 18:33,5 muslim police safe after hiding for 22 days in marawi protecting 4 christians from being killed love truly has no boundaries,"(['CEB', ' PH'], Location((-20.2455188, 57.4881744222, 0.0)))",en,0.099235,0.275438,0.161537,0.046091,0.600773,"['disgust', 0.600773]"
EjohnMdale,2017-06-13 18:31,5 muslim police were trapped for 22 days in the war zone in marawibecause they were protecting 5 civilian christians my heart,"(['Davao City', ' Davao Region'], Location((7.22650725, 125.454887691, 0.0)))",en,0.110363,0.132292,0.312814,0.19568,0.525945,"['disgust', 0.525945]"
iLuvSeveN07,2017-06-13 18:30,verily there is no actual rebellion in marawi city and elsewhere in mindanao absent the culpable purpose,"(['Philippines'], Location((12.7503486, 122.7312101, 0.0)))",en,0.068246,0.286323,0.143783,0.099359,0.052649,"['joy', 0.286323]"
manilabulletin,2017-06-13 18:28,watch philippine troops raise flag as bombs fall on marawi city befullyinformedhttps,"(['Manila', ' Philippines'], Location((14.5906216, 120.9799696, 0.0)))",en,0.097237,0.119712,0.458599,0.223403,0.376693,"['sadness', 0.458599]"
GianoTurning,2017-06-13 18:23,after 5 long months im finally going back to mindanao for a short trip see you marawi,"(['Makati City', ' National Capital Region'], Location((14.5591272, 121.0202094, 0.0)))",en,0.033554,0.53867,0.373229,0.050385,0.008696,"['joy', 0.53867]"
manilabulletin,2017-06-13 18:22,22 since fighting broke out in marawi city three weeks ago  via mbftwakefield,"(['Manila', ' Philippines'], Location((14.5906216, 120.9799696, 0.0)))",en,0.134546,0.040347,0.674935,0.251944,0.136668,"['sadness', 0.674935]"
TausugAku95,2017-06-13 18:20,imperial manileos do not understand the gravity of the situation in marawi and the rest of mindanao i am waiting for isis to be in mm,"(['Maimbung', ' Sulu'], Location((5.9309973, 121.0269364, 0.0)))",en,0.150142,0.081689,0.289714,0.093196,0.10156,"['sadness', 0.289714]"
teddycasino,2017-06-13 18:20,a lovely sunset provides a poignant background to a navy warship in iligan city 38 kilometers from marawi,"(['Philippines'], Location((12.7503486, 122.7312101, 0.0)))",en,0.012321,0.753775,0.030518,0.016603,0.007472,"['joy', 0.753775]"
geraldania,2017-06-13 18:17,this pray for marawi pero not that i care about basketball ha aw,"(['Davao City', ' Philippines'], Location((7.22650725, 125.454887691, 0.0)))",en,0.017918,0.098032,0.619031,0.390442,0.0305,"['sadness', 0.619031]"
EagleNewsPH,2017-06-13 18:16,maute matriarch former marawi city mayor 13 others undergo inquest proceedings ,"(['Quezon City', 'Philippines'], Location((14.6509905, 121.0486155, 0.0)))",en,0.058784,0.195609,0.27114,0.07465,0.067195,"['sadness', 0.27114]"
radyopilipinas1,2017-06-13 18:16,dotr sec tugade pcg to take over security operations in seaports nationwide amid security threats due to marawi city violence,"(['Quezon City', ' Philippines'], Location((14.6509905, 121.0486155, 0.0)))",en,0.169653,0.005716,0.143687,0.742002,0.137326,"['fear', 0.742002]"
ANCALERTS,2017-06-13 18:14,dynah diestro reports from iligan where marawi evacuees in the city and lanao del norte now at over 9200 ancrecap,"(['Philippines'], Location((12.7503486, 122.7312101, 0.0)))",en,0.072728,0.061605,0.135713,0.076189,0.060075,"['sadness', 0.135713]"
Bugsey67,2017-06-13 18:13,the latest the sane news herald thanks to indayevarona marawi,"(['Metro Manila', ' Philippines'], Location((14.5736108, 121.0329706, 0.0)))",en,0.063719,0.405026,0.094455,0.12161,0.041101,"['joy', 0.405026]"
EagleNewsPH,2017-06-13 18:12,philippine flags at halfmast in all govt offices to honor fallen troops in marawi ,"(['Quezon City', 'Philippines'], Location((14.6509905, 121.0486155, 0.0)))",en,0.055899,0.201287,0.434576,0.04365,0.222476,"['sadness', 0.434576]"
plsburydoughboy,2017-06-13 18:12,installation here refers to mosques schools and hospitals the military says it has to destroy marawi some more,"(['Philippines'], Location((12.7503486, 122.7312101, 0.0)))",en,0.221658,0.011626,0.550865,0.151659,0.344925,"['sadness', 0.550865]"
ABSCBNNews,2017-06-13 18:10,2 marawi evacuees caught selling drugs,"(['Manila', ' Philippines'], Location((14.5906216, 120.9799696, 0.0)))",en,0.131207,0.020607,0.50679,0.339781,0.254638,"['sadness', 0.50679]"
phnews24x7,2017-06-13 18:09,lanao del sur govs ancestral home bombed in marawi  1u,"(['Philippines'], Location((12.7503486, 122.7312101, 0.0)))",en,0.146799,0.11897,0.335458,0.498892,0.166817,"['fear', 0.498892]"
kenjitorcende23,2017-06-13 18:08,inside the wake of 13 hero soldiers of marawi via youtube,"(['Davao Region'], Location((7.0645241, 125.6084143, 0.0)))",en,0.097294,0.337685,0.386617,0.199174,0.053621,"['sadness', 0.386617]"
barnabychuck,2017-06-13 18:05,the battle for marawi in philippines has been raging for over 3 weeks is the end near my cgtnofficial report starts airing 7pm mnlbjt,"(['Manila', ' Philippines'], Location((14.5906216, 120.9799696, 0.0)))",en,0.444732,0.220467,0.086163,0.137716,0.081175,"['anger', 0.444732]"
ABSCBNNews,2017-06-13 18:05,palace marawi crisis could have been worse,"(['Manila', ' Philippines'], Location((14.5906216, 120.9799696, 0.0)))",en,0.151527,0.003889,0.451413,0.49951,0.241556,"['fear', 0.49951]"
SithLibra,2017-06-13 18:00,go to marawi robredo,"(['Republic of the Philippines'], Location((12.7503486, 122.7312101, 0.0)))",en,0.158837,0.109616,0.426389,0.43232,0.041074,"['fear', 0.43232]"
PhilippineStar,2017-06-13 17:57,independence rallies hit terrorism us involvement in marawi,"(['Philippines'], Location((12.7503486, 122.7312101, 0.0)))",en,0.098686,0.023245,0.189284,0.542906,0.360814,"['fear', 0.542906]"
Philtizen,2017-06-13 17:52,the counsel representing four marawi women seeking to nullify martial law in mindanao believes president rodrigo,"(['Republic of the Philippines'], Location((12.7503486, 122.7312101, 0.0)))",en,0.118816,0.424442,0.145748,0.145316,0.252799,"['joy', 0.424442]"
ANCALERTS,2017-06-13 17:50,spokesperson of the joint task force marawi said 5 more civilians are killed in the city around 300500 civilians are still trapped inside,"(['Philippines'], Location((12.7503486, 122.7312101, 0.0)))",en,0.390793,0.011958,0.428321,0.313986,0.106333,"['sadness', 0.428321]"
Ilo2MetroTimes,2017-06-13 17:50,maute rebels continued to engage government troops in bloody battle in marawi city and refused to surrender the,"(['Iloilo City'], Location((10.7026718, 122.5686136, 0.0)))",en,0.519396,0.020653,0.407665,0.065271,0.277646,"['anger', 0.519396]"
inquirerdotnet,2017-06-13 17:49,calida elements of rebellion all present in marawi siege c,"(['Makati City'], Location((14.5591272, 121.0202094, 0.0)))",en,0.056547,0.461566,0.038981,0.079293,0.045971,"['joy', 0.461566]"
msnph,2017-06-13 17:49,184k displaced by marawi crisis,"(['Manila', ' Philippines'], Location((14.5906216, 120.9799696, 0.0)))",en,0.123859,0.03192,0.21729,0.455236,0.238328,"['fear', 0.455236]"
nerowattz,2017-06-13 17:46,solon seeks p10b supplemental budget for marawi city inquirermobilehttp,"(['Makati City'], Location((14.5591272, 121.0202094, 0.0)))",en,0.140278,0.262923,0.238347,0.120822,0.296744,"['disgust', 0.296744]"
ANCALERTS,2017-06-13 17:45,now lt col joan herrera spokesperson of joint task force marawi regarding the recent situation in marawi,"(['Philippines'], Location((12.7503486, 122.7312101, 0.0)))",en,0.222318,0.064538,0.193489,0.369808,0.061959,"['fear', 0.369808]"
camillediola,2017-06-13 17:44,cmfr cheers report by patriciaviray philstarnews on conflicting govt statements at outset of marawi crisis,"(['Manila', ' Philippines'], Location((14.5906216, 120.9799696, 0.0)))",en,0.096624,0.008555,0.719639,0.111463,0.148505,"['sadness', 0.719639]"
NMPWOfficial,2017-06-13 17:42,marawi 58 commemorative patch marawi58 shop now,"(['Manila City'], Location((14.5906216, 120.9799696, 0.0)))",en,0.089525,0.247927,0.343936,0.092537,0.057422,"['sadness', 0.343936]"
ABSCBNNews,2017-06-13 17:40,iligan city deals with overcrowding as more evacuees arrive from marawi,"(['Manila', ' Philippines'], Location((14.5906216, 120.9799696, 0.0)))",en,0.198097,0.188939,0.241498,0.092806,0.017412,"['sadness', 0.241498]"
interaksyon,2017-06-13 17:37,lawmaker seeks p10b additional budget for warravaged marawi kin of slain marines to get p700k aid,"(['Philippines'], Location((12.7503486, 122.7312101, 0.0)))",en,0.076277,0.298932,0.154496,0.130344,0.229953,"['joy', 0.298932]"
bertdeleon120,2017-06-13 17:36,titosotto as long as you can assure the delivery of one shipload of pepsi to marawi were willing to back out in the nullification case ,"(['Quezon City', ' National Capital'], Location((14.6509905, 121.0486155, 0.0)))",en,0.092645,0.250625,0.278514,0.006224,0.010831,"['sadness', 0.278514]"
ANCALERTS,2017-06-13 17:34,solgen calida elements of rebellion present in siege of marawi,"(['Philippines'], Location((12.7503486, 122.7312101, 0.0)))",en,0.056547,0.461566,0.038981,0.079293,0.045971,"['joy', 0.461566]"
manilabulletin,2017-06-13 17:31,govt team rescues 5 cops 5 civilians trapped in marawi city  read befullyinformed,"(['Manila', ' Philippines'], Location((14.5906216, 120.9799696, 0.0)))",en,0.077597,0.03112,0.550433,0.117065,0.251084,"['sadness', 0.550433]"
bertdeleon120,2017-06-13 17:29,instead of just donating the money to the families of those soldiers kia and to the residents of marawi prefer to go on a junket damn it,"(['Quezon City', ' National Capital'], Location((14.6509905, 121.0486155, 0.0)))",en,0.356923,0.120324,0.396206,0.178979,0.223905,"['sadness', 0.396206]"
AEsguerraINQ,2017-06-13 17:29, lenirobredo thanks us for helping afp fight marawi terrorists,"(['Philippines'], Location((12.7503486, 122.7312101, 0.0)))",en,0.139391,0.132587,0.082898,0.310317,0.077523,"['fear', 0.310317]"
inquirerdotnet,2017-06-13 17:26, lenirobredo thanks us for helping afp fight marawi terrorists ,"(['Makati City'], Location((14.5591272, 121.0202094, 0.0)))",en,0.139391,0.132587,0.082898,0.310317,0.077523,"['fear', 0.310317]"
inquirerdotnet,2017-06-13 17:25,icymi palace knew marawi plot ahead of attack,"(['Makati City'], Location((14.5591272, 121.0202094, 0.0)))",en,0.18143,0.06945,0.312479,0.4932,0.24648,"['fear', 0.4932]"
radikalchick,2017-06-13 17:25,has martiallaw done damage to mindanao today on its 21st day marawi ,"(['Philippines'], Location((12.7503486, 122.7312101, 0.0)))",en,0.110802,0.140543,0.696954,0.101038,0.082709,"['sadness', 0.696954]"
jeffcanoy,2017-06-13 17:24,5 marawi cops made it out alive after 22 days this is what welcomed them at camp a reminder that their other comrades werent as fortunate,"(['Republic of the Philippines'], Location((12.7503486, 122.7312101, 0.0)))",en,0.030097,0.820159,0.010047,0.047167,0.105735,"['joy', 0.820159]"
ABSCBNNews,2017-06-13 17:20,its more fun no more dot calls for sensitivity due to marawi crisis u,"(['Manila', ' Philippines'], Location((14.5906216, 120.9799696, 0.0)))",en,0.114582,0.015094,0.299256,0.414807,0.134921,"['fear', 0.414807]"
ItsFatGabby,2017-06-13 17:16,to marawi,"(['Navotas City'], Location((14.6569825, 120.9478036, 0.0)))",en,0.0,0.0,0.0,0.0,0.0,"['anger', 0.0]"
inquirer_libre,2017-06-13 17:13,calida elements of rebellion all present in marawi siege d,"(['Philippines'], Location((12.7503486, 122.7312101, 0.0)))",en,0.056547,0.461566,0.038981,0.079293,0.045971,"['joy', 0.461566]"
SupremeCourtPHL,2017-06-13 17:12,sc flies flag court colors at halfmast to honor marawi fatalities  philippine star,"(['Manila'], Location((14.5906216, 120.9799696, 0.0)))",en,0.016957,0.220065,0.023442,0.039711,0.205756,"['joy', 0.220065]"
chermil08,2017-06-13 17:12,what terrifies you of the ml are you more terrified of the ml than the terrorism in marawi,"(['philippines'], Location((12.7503486, 122.7312101, 0.0)))",en,0.040793,0.00785,0.060115,0.904494,0.068088,"['fear', 0.904494]"
DailyStarPH,2017-06-13 17:10,dailystarph philippines govt team rescues 5 cops 5 civilians trapped in marawi city  ,"(['Republic of the Philippines'], Location((12.7503486, 122.7312101, 0.0)))",en,0.079157,0.019994,0.535936,0.100433,0.201615,"['sadness', 0.535936]"
jamelaaisha,2017-06-13 17:09,look who i found in marawi sueturton c,"(['Manila'], Location((14.5906216, 120.9799696, 0.0)))",en,0.024022,0.585005,0.07064,0.054396,0.069463,"['joy', 0.585005]"
inquirerdotnet,2017-06-13 17:08,robredo slams aguirre for using fake news on marawi conflict,"(['Makati City'], Location((14.5591272, 121.0202094, 0.0)))",en,0.405272,0.020019,0.56676,0.059141,0.263861,"['sadness', 0.56676]"
interaksyon,2017-06-13 17:07,after 3 weeks extremists still hold 20 of marawi  afp 2,"(['Philippines'], Location((12.7503486, 122.7312101, 0.0)))",en,0.146351,0.17091,0.37753,0.132531,0.115293,"['sadness', 0.37753]"
yellowliberal,2017-06-13 17:01,sea terrorists joined maute in the marawi siege so now theyre also rebels rebellion  terrorism scphpio marlonjmanuel mmlorals,"(['Manila', ' Philippines'], Location((14.5906216, 120.9799696, 0.0)))",en,0.169071,0.061942,0.286808,0.583705,0.187134,"['fear', 0.583705]"
MakadaotFilm,2017-06-13 17:01,i added a video to a youtube playlist maute group vs npa  gira sa marawi,"(['Davao City', ' Davao Region'], Location((7.22650725, 125.454887691, 0.0)))",en,0.112174,0.398736,0.386817,0.041808,0.051902,"['joy', 0.398736]"
PHLNewsOnline,2017-06-13 16:57,news5 marawi crisis  braving sniper fire civilians in mad dash for freedom d8,"(['Philippines'], Location((12.7503486, 122.7312101, 0.0)))",en,0.540465,0.156678,0.238588,0.14201,0.187468,"['anger', 0.540465]"
AksyonTV,2017-06-13 16:56,marawi crisis  braving sniper fire civilians in mad dash for freedom  breakingnews,"(['TV5', ' Philippines'], Location((47.8967217, 106.887564062, 0.0)))",en,0.540465,0.156678,0.238588,0.14201,0.187468,"['anger', 0.540465]"
PHLNewsOnline,2017-06-13 16:54,rappler samar youth kick off donation drive for marawi residents,"(['Philippines'], Location((12.7503486, 122.7312101, 0.0)))",en,0.127154,0.227026,0.238772,0.199951,0.268959,"['disgust', 0.268959]"
gmanews,2017-06-13 16:54,braving sniper fire civilians dash for freedom in marawi,"(['Philippines'], Location((12.7503486, 122.7312101, 0.0)))",en,0.08721,0.654941,0.161816,0.031291,0.081551,"['joy', 0.654941]"
NCorralesINQ,2017-06-13 16:52,philippine flag in malacaang at halfmast to honor fallen government troops in marawi city,"(['Makati City'], Location((14.5591272, 121.0202094, 0.0)))",en,0.078201,0.23964,0.271092,0.064058,0.436747,"['disgust', 0.436747]"
ryanangnews5,2017-06-13 16:51,amwslai provided financial assistance to the families of 4 deceased members who fought in marawi and sulu,"(['Philippines'], Location((12.7503486, 122.7312101, 0.0)))",en,0.044721,0.097692,0.137658,0.034248,0.102066,"['sadness', 0.137658]"
inquirerdotnet,2017-06-13 16:50,robredo hits aguirre for spreading fake news about marawi siege,"(['Makati City'], Location((14.5591272, 121.0202094, 0.0)))",en,0.189743,0.024115,0.5666,0.218276,0.325001,"['sadness', 0.5666]"
pnagovph,2017-06-13 16:46,govt offices fly their flags at halfmast for 5 days beginning tuesday to pay tribute to fallen heroes who died in battle in marawi city ,"(['Quezon City'], Location((14.6509905, 121.0486155, 0.0)))",en,0.060073,0.077479,0.840019,0.116267,0.043979,"['sadness', 0.840019]"
angkathy,2017-06-13 16:44,afp to start attacking mosques in marawi city standformarawi walkformindanao,"(['Manila', ' Philippines'], Location((14.5906216, 120.9799696, 0.0)))",en,0.189917,0.03729,0.143928,0.682414,0.105651,"['fear', 0.682414]"
dzrhnews,2017-06-13 16:41,look us special forces sa marawi city photo courtesy richardson sim  rh24,"(['Manila', ' Philippines'], Location((14.5906216, 120.9799696, 0.0)))",en,0.070931,0.176941,0.337951,0.042612,0.179691,"['sadness', 0.337951]"
tubongmindanao,2017-06-13 16:38,agreehe cant used the fight against using terrorism  end up terrorizing d people of marawi and where next,"(['Cotabato City', ' Mindanao', ' Phils'], Location((7.1970344, 124.2351714, 0.0)))",en,0.198113,0.019545,0.344449,0.366668,0.430933,"['disgust', 0.430933]"
marieAnne0915,2017-06-13 16:38,its all about a show time to unmasked to know the truth and the real culprit of the massive destruction of marawi city nasaanangpangulo,"(['tagaytay'], Location((14.1149812, 120.9635545, 0.0)))",en,0.350251,0.050478,0.387989,0.309975,0.117859,"['sadness', 0.387989]"
pnagovph,2017-06-13 16:37,timely military action preempted capture of entire marawi city  palace  120,"(['Quezon City'], Location((14.6509905, 121.0486155, 0.0)))",en,0.098893,0.148646,0.273957,0.128719,0.134591,"['sadness', 0.273957]"
ryanangnews5,2017-06-13 16:37,amwslai donated p500k to the afp education benefit system ofc for the educational assistance of orphans of the soldiers who fought in marawi,"(['Philippines'], Location((12.7503486, 122.7312101, 0.0)))",en,0.019312,0.164204,0.072782,0.087174,0.070814,"['joy', 0.164204]"
interaksyon,2017-06-13 16:37,watch  du30s nod not needed by us forces in marawi because of vfa edca  cayetano,"(['Philippines'], Location((12.7503486, 122.7312101, 0.0)))",en,0.214068,0.066174,0.427186,0.400671,0.19072,"['sadness', 0.427186]"
unlicomments,2017-06-13 16:34,the people of marawi miss their mosque the leader misses his mosquito net,"(['NCR', ' Phils'], Location((52.5217268, -1.88499855996, 0.0)))",en,0.114683,0.008386,0.728678,0.260267,0.183011,"['sadness', 0.728678]"
wethe21M,2017-06-13 16:34,sen trillanes as a soldier y dont u volunteer urself to fight  promise we will give u the same rites our fallen soldiers had,"(['Republic of the Philippines'], Location((12.7503486, 122.7312101, 0.0)))",en,0.178151,0.04978,0.468745,0.359431,0.218342,"['sadness', 0.468745]"
ryanangnews5,2017-06-13 16:32,amwslai provided mutual benefit fund to the families of 4 deceased members who fought in marawi and sulu uc,"(['Philippines'], Location((12.7503486, 122.7312101, 0.0)))",en,0.077839,0.142974,0.045258,0.04031,0.30995,"['disgust', 0.30995]"
PHLNewsOnline,2017-06-13 16:32,gma news braving sniper fire civilians dash for freedom in marawi,"(['Philippines'], Location((12.7503486, 122.7312101, 0.0)))",en,0.084809,0.589138,0.232287,0.041135,0.114065,"['joy', 0.589138]"
PHLNewsOnline,2017-06-13 16:32,news5 lawmaker seeks p10b additional budget for warravaged marawi kin of slain marines,"(['Philippines'], Location((12.7503486, 122.7312101, 0.0)))",en,0.084775,0.28876,0.135047,0.102418,0.165997,"['joy', 0.28876]"
jamelaaisha,2017-06-13 16:30,marawi police chose to stay undr maute control to protect christians wed rather die together they all escaped after 22 days marawi ,"(['Manila'], Location((14.5906216, 120.9799696, 0.0)))",en,0.06052,0.171588,0.299062,0.134956,0.468312,"['disgust', 0.468312]"
ANCALERTS,2017-06-13 16:30,duterte can address marawi conflict without martial law says lawyer,"(['Philippines'], Location((12.7503486, 122.7312101, 0.0)))",en,0.06737,0.068393,0.232704,0.093685,0.252479,"['disgust', 0.252479]"
dzrhnews,2017-06-13 16:29,saychiz on us assistance in marawi any help is welcome in fighting these terrorists given that terrorism knows no borders  milkyrigonan,"(['Manila', ' Philippines'], Location((14.5906216, 120.9799696, 0.0)))",en,0.133109,0.081266,0.342373,0.301198,0.211466,"['sadness', 0.342373]"
iloilocitygov,2017-06-13 16:28,city govt donates p500t for marawi city relief the iloilo city government will donate p500 aid for relief 8,"(['Iloilo City', ' Philippines'], Location((10.7026718, 122.5686136, 0.0)))",en,0.017764,0.121144,0.207451,0.146022,0.066961,"['sadness', 0.207451]"
ANCALERTS,2017-06-13 16:28,bersamin do you think maute group in marawi can pose a serious threat to the magnitude of a rebellion  via scphpio martiallaworals,"(['Philippines'], Location((12.7503486, 122.7312101, 0.0)))",en,0.13112,0.020239,0.109716,0.820087,0.173386,"['fear', 0.820087]"
dzrhnews,2017-06-13 16:27,12 saychiz on the continous fighting in marawi this is the best proof of the gravity of the situation in marawi vs the position taken,"(['Manila', ' Philippines'], Location((14.5906216, 120.9799696, 0.0)))",en,0.096944,0.505276,0.197651,0.075493,0.052403,"['joy', 0.505276]"
ANCALERTS,2017-06-13 16:27,cortez agrees that the 1st element of rebellion exists in marawi but 2nd element is absent  via scphpio martiallaworals,"(['Philippines'], Location((12.7503486, 122.7312101, 0.0)))",en,0.048176,0.420372,0.127671,0.124144,0.211285,"['joy', 0.420372]"
limbertqc,2017-06-13 16:27,that would be the most prudent thing to do but using marawi to declare mindanao ml is a masterstroke davao can use calamity fund at will,"(['Quezon City', ' Metropolitan Manila', ' The Philippines \xc2\xa0\xf0\x9f\x87\xb5\xf0\x9f\x87\xad'], Location((14.6509905, 121.0486155, 0.0)))",en,0.125352,0.058683,0.051748,0.038209,0.225072,"['disgust', 0.225072]"
milkyrigonan,2017-06-13 16:25,saychiz on us assistance in marawiany  all help is welcome in fighting these terrorists given dat terrorism knows no borders dzrhnews,"(['Philippines'], Location((12.7503486, 122.7312101, 0.0)))",en,0.081883,0.067612,0.595245,0.171571,0.159188,"['sadness', 0.595245]"
JosephCataan,2017-06-13 16:25,cnnphnewsnight at 6 our top stories marawi martiallaworals sights nbafinals heres more,"(['Manila'], Location((14.5906216, 120.9799696, 0.0)))",en,0.084802,0.557456,0.204411,0.044172,0.182685,"['joy', 0.557456]"
PhauraReinz,2017-06-13 16:24,atty manuel says that there are no factual bases for martial law  is the destruction of marawi and the persistence of mautes not enough,"(['Philippines'], Location((12.7503486, 122.7312101, 0.0)))",en,0.507005,0.020713,0.280501,0.26378,0.092202,"['anger', 0.507005]"
ANCALERTS,2017-06-13 16:24,leonen are you now saying that the army should pull out from marawi and let terrorists have their way martiallaworals,"(['Philippines'], Location((12.7503486, 122.7312101, 0.0)))",en,0.39096,0.028715,0.323574,0.289297,0.358135,"['anger', 0.39096]"
milkyrigonan,2017-06-13 16:24,saychiz on d continous fighting in marawi 1this is d best proof of d gravity of d situation in marawi vs d position taken by dzrhnews,"(['Philippines'], Location((12.7503486, 122.7312101, 0.0)))",en,0.096944,0.505276,0.197651,0.075493,0.052403,"['joy', 0.505276]"
phoenixgold0224,2017-06-13 16:21,suspect to be arrested for cyber sedition related to marawi crisis,"(['Quezon City', ' Philippines'], Location((14.6509905, 121.0486155, 0.0)))",en,0.325533,0.004613,0.243341,0.570766,0.173345,"['fear', 0.570766]"
ABSCBNNews,2017-06-13 16:20,duterte can address marawi conflict without martial law says lawyer martiallaworals,"(['Manila', ' Philippines'], Location((14.5906216, 120.9799696, 0.0)))",en,0.06737,0.068393,0.232704,0.093685,0.252479,"['disgust', 0.252479]"
Manay_Judy,2017-06-13 16:17,dswd field office x prepares ramadan relief packs for idps from marawi,"(['Republic of the Philippines'], Location((12.7503486, 122.7312101, 0.0)))",en,0.120426,0.252919,0.100002,0.267328,0.07812,"['fear', 0.267328]"
barnabychuck,2017-06-13 16:09,dutertes spox says philippine govt is handling 3week old marawi siege pretty well ,"(['Manila', ' Philippines'], Location((14.5906216, 120.9799696, 0.0)))",en,0.114171,0.144505,0.675343,0.049937,0.102201,"['sadness', 0.675343]"
kcralvarez,2017-06-13 16:08,sotto says martial law oppositors should be sent to marawi  news  gma news online via gmanews,"(['Philippines'], Location((12.7503486, 122.7312101, 0.0)))",en,0.073184,0.064808,0.432928,0.400032,0.314933,"['sadness', 0.432928]"
aboutCDO,2017-06-13 16:06,several marawi city public school teachers still unaccounted for marawipublicteachers teachersinmarawiunaccounted,"(['Cagayan De Oro City'], Location((8.42980265, 124.682410212, 0.0)))",en,0.374311,0.108884,0.288686,0.16164,0.337339,"['anger', 0.374311]"
kcralvarez,2017-06-13 16:05,braving sniper fire civilians dash for freedom in marawi via gmanews,"(['Philippines'], Location((12.7503486, 122.7312101, 0.0)))",en,0.05428,0.650204,0.177369,0.050052,0.110459,"['joy', 0.650204]"
JamMcDim,2017-06-13 16:05,missing the old marawi pray for marawicity,"(['Republic of the Philippines'], Location((12.7503486, 122.7312101, 0.0)))",en,0.052156,0.009331,0.696364,0.426673,0.068317,"['sadness', 0.696364]"
inquirer_libre,2017-06-13 16:03,govt forces decisive action preempted maute plans in marawipalace,"(['Philippines'], Location((12.7503486, 122.7312101, 0.0)))",en,0.18645,0.004291,0.545522,0.134697,0.092912,"['sadness', 0.545522]"
gmanews,2017-06-13 16:03,spox abella on possible china russia help in marawi no direct offers were doing pretty well considering the situation  tinapperez,"(['Philippines'], Location((12.7503486, 122.7312101, 0.0)))",en,0.017731,0.600252,0.120461,0.091834,0.016772,"['joy', 0.600252]"
tinapperez,2017-06-13 16:02,presdl spokes abella on possible china russia help in marawi no direct offers were doing pretty well considering the situation gmanews,"(['Philippines'], Location((12.7503486, 122.7312101, 0.0)))",en,0.017731,0.600252,0.120461,0.091834,0.016772,"['joy', 0.600252]"
MissJD143,2017-06-13 16:02,the philippines honors troops who gave their lives in marawi city on independence day  trending news portal,"(['Republic of the Philippines'], Location((12.7503486, 122.7312101, 0.0)))",en,0.021482,0.756245,0.103912,0.036612,0.101165,"['joy', 0.756245]"
jaaayewolf,2017-06-13 16:00,i wish the terrorist attack in marawi will be over now,"(['Cagayan De Oro City', ' Northern'], Location((8.42980265, 124.682410212, 0.0)))",en,0.179255,0.005781,0.284363,0.709233,0.149212,"['fear', 0.709233]"
djcrismyx,2017-06-13 15:57,sen jvejercito can the news blockout in marawi war can be part of the martial law i think it will help thanks,"(['Republic of the Philippines'], Location((12.7503486, 122.7312101, 0.0)))",en,0.078666,0.140629,0.151429,0.198649,0.047509,"['fear', 0.198649]"
attysamina,2017-06-13 15:57,believe it or not we dont have police visibility in marawi,"(['Manila City', ' National Capital Region'], Location((14.5906216, 120.9799696, 0.0)))",en,0.106391,0.621979,0.117421,0.012836,0.031077,"['joy', 0.621979]"
attysamina,2017-06-13 15:57,the osg should have talked to marawi residents and its peculiar setting they would never understand the situation,"(['Manila City', ' National Capital Region'], Location((14.5906216, 120.9799696, 0.0)))",en,0.112521,0.127625,0.284892,0.066833,0.397983,"['disgust', 0.397983]"
LOCALNEWSNgayon,2017-06-13 15:55,braving sniper fire civilians dash for freedom in marawi  read via gma news,"(['Philippines'], Location((12.7503486, 122.7312101, 0.0)))",en,0.041707,0.589914,0.221368,0.068566,0.163342,"['joy', 0.589914]"
barnabychuck,2017-06-13 15:55,back in marawi  philippines flags fly above the city but fighting continues this means ill miss britney concert ,"(['Manila', ' Philippines'], Location((14.5906216, 120.9799696, 0.0)))",en,0.108608,0.022863,0.700354,0.252324,0.1748,"['sadness', 0.700354]"
PhilippineStar,2017-06-13 15:51,j bersamin do you think maute group in marawi can pose a serious threat to the magnitude of a rebellion mmlorals,"(['Philippines'], Location((12.7503486, 122.7312101, 0.0)))",en,0.195773,0.015654,0.099547,0.803544,0.138791,"['fear', 0.803544]"
PhilippineStar,2017-06-13 15:50,cortez agrees that the 1st element of rebellion exists in marawi but 2nd element is absent mmlorals,"(['Philippines'], Location((12.7503486, 122.7312101, 0.0)))",en,0.081227,0.377016,0.108931,0.079982,0.168958,"['joy', 0.377016]"
gmanewsbreaking,2017-06-13 15:49,j bersamin do you think maute group in marawi can pose a serious threat to the magnitude of a rebellion mmlorals  scphpio,"(['Philippines'], Location((12.7503486, 122.7312101, 0.0)))",en,0.195773,0.015654,0.099547,0.803544,0.138791,"['fear', 0.803544]"
AdZUOfficial,2017-06-13 15:48,we begin our new school year with the mass of the holy spirit as a community we pray for the people of marawi,"(['Zamboanga City', ' Philippines'], Location((6.9046004, 122.0763695, 0.0)))",en,0.027509,0.566548,0.193981,0.267617,0.009056,"['joy', 0.566548]"
SCPh_PIO,2017-06-13 15:47,j bersamin do you think maute group in marawi can pose a serious threat to the magnitude of a rebellion mmlorals,"(['Padre Faura', ' Manila', ' Ph'], Location((14.5782914, 120.9829884, 0.0)))",en,0.195773,0.015654,0.099547,0.803544,0.138791,"['fear', 0.803544]"
yellowliberal,2017-06-13 15:47,rebels gather sympathy of locals and gets them to join the rebellion terrorism does the opposite which is happening in marawi mmlorals,"(['Manila', ' Philippines'], Location((14.5906216, 120.9799696, 0.0)))",en,0.101568,0.093448,0.640352,0.192117,0.139031,"['sadness', 0.640352]"
gmanews,2017-06-13 15:46,presidential spokesperson abella re marawi ops 1618 civilians rescued 26 dead as of june 13 8am  tinapperez,"(['Philippines'], Location((12.7503486, 122.7312101, 0.0)))",en,0.049399,0.043642,0.220154,0.204522,0.374681,"['disgust', 0.374681]"
gmanews,2017-06-13 15:46,petitioners seeking to nullify the declaration of martial law in mindanao should be sent to marawi sen sotto said 1,"(['Philippines'], Location((12.7503486, 122.7312101, 0.0)))",en,0.162363,0.155873,0.268723,0.164,0.176583,"['sadness', 0.268723]"
gmanewsbreaking,2017-06-13 15:45,cortez agrees that the 1st element of rebellion exists in marawi but 2nd element is absent mmlorals  scphpio,"(['Philippines'], Location((12.7503486, 122.7312101, 0.0)))",en,0.081227,0.377016,0.108931,0.079982,0.168958,"['joy', 0.377016]"
tinapperez,2017-06-13 15:44,presdl spokes abella re marawi ops 1618 civilians rescued 26 dead as of june 13 8am gmanews,"(['Philippines'], Location((12.7503486, 122.7312101, 0.0)))",en,0.055867,0.045529,0.398089,0.229148,0.162111,"['sadness', 0.398089]"
yellowliberal,2017-06-13 15:44,leonen theres a video of maute planning attack on marawi me isis pattern not 2 rebel but to sow terror and spread propaganda mmlorals,"(['Manila', ' Philippines'], Location((14.5906216, 120.9799696, 0.0)))",en,0.102379,0.008341,0.182743,0.826959,0.130189,"['fear', 0.826959]"
rtoledosj,2017-06-13 15:39,the childrens books will be brought to marawi on june 19 look for joy bacon presidents office ateneo de davao,"(['Davao City', ' Davao Region'], Location((7.22650725, 125.454887691, 0.0)))",en,0.00999,0.714417,0.034592,0.025789,0.0815,"['joy', 0.714417]"
aljacintoII,2017-06-13 15:38,isispropaganda mautegroup marawi martiallaw is duterte philippines,"(['Mindanao'], Location((7.68980415, 125.236399692, 0.0)))",en,0.049017,0.14763,0.227585,0.099944,0.147469,"['sadness', 0.227585]"
MindanaoExamine,2017-06-13 15:37,philippine authorities to arrest isis social media propagandists isispropaganda mautegroup marawi martiallaw is,"(['Southern Philippines'], Location((17.4097041, 121.4382768, 0.0)))",en,0.341572,0.020592,0.39138,0.14603,0.227683,"['sadness', 0.39138]"
rtoledosj,2017-06-13 15:37,clc davao is collecting childrens books for the children of marawi donations welcome until june 17 1130am dropoff point addu presofc,"(['Davao City', ' Davao Region'], Location((7.22650725, 125.454887691, 0.0)))",en,0.024359,0.482044,0.108664,0.015893,0.106499,"['joy', 0.482044]"
maris_acel,2017-06-13 15:32,sotto says martial law oppositors should be sent to marawi via gmanews,"(['Republic of the Philippines'], Location((12.7503486, 122.7312101, 0.0)))",en,0.109591,0.074254,0.313422,0.367649,0.294809,"['fear', 0.367649]"
BoomBuencamino,2017-06-13 15:31,now u pull out ur ass the old those who criticize ejks adore narcos  those who criticize marawi adore terrorists reductio ad absurdum sad,"(['Quezon City'], Location((14.6509905, 121.0486155, 0.0)))",en,0.110444,0.028669,0.726504,0.270276,0.135906,"['sadness', 0.726504]"
OneMNLF,2017-06-13 15:26,the scenario in marawi is similar to zamboanga city whatever it is the purpose of the exercise is to scare and,"(['Mindanao (MI)'], Location((30.335525, -89.405573, 0.0)))",en,0.055166,0.384432,0.124949,0.444995,0.015222,"['fear', 0.444995]"
PHLNewsOnline,2017-06-13 15:25,gma news sotto says martial law oppositors should be sent to marawi u,"(['Philippines'], Location((12.7503486, 122.7312101, 0.0)))",en,0.187274,0.040438,0.415934,0.264281,0.279356,"['sadness', 0.415934]"
DanSantos8,2017-06-13 15:25,yes of course 2 days of continuous rest while the country is celebrating independence day and the marawi siege is ongoing rest well,"(['Republic of the Philippines'], Location((12.7503486, 122.7312101, 0.0)))",en,0.028253,0.692008,0.140456,0.033785,0.042034,"['joy', 0.692008]"
Tricia0411,2017-06-13 15:24,emotional fireman at marawi independence day rites,"(['Iloilo'], Location((10.9534597, 122.5756326, 0.0)))",en,0.051491,0.634703,0.236984,0.030405,0.02836,"['joy', 0.634703]"
gmanews,2017-06-13 15:24,look marawi residents had fun at provincial capitol on eve of independence day,"(['Philippines'], Location((12.7503486, 122.7312101, 0.0)))",en,0.014467,0.822732,0.038213,0.048691,0.058224,"['joy', 0.822732]"
inquirer_libre,2017-06-13 15:22,5 policemen 5 civilians rescued in marawi uud,"(['Philippines'], Location((12.7503486, 122.7312101, 0.0)))",en,0.044764,0.235785,0.168648,0.118389,0.075478,"['joy', 0.235785]"
LOCALNEWSNgayon,2017-06-13 15:20,sotto says martial law oppositors should be sent to marawi  read via gma news,"(['Philippines'], Location((12.7503486, 122.7312101, 0.0)))",en,0.064842,0.091811,0.366672,0.370767,0.391207,"['disgust', 0.391207]"
thecorpusjuris,2017-06-13 15:18,which is why proclamation of ml and suspension of privelege should have been limited to marawi,"(['Philippines'], Location((12.7503486, 122.7312101, 0.0)))",en,0.051593,0.068759,0.07583,0.035969,0.060276,"['sadness', 0.07583]"
gerardnaval,2017-06-13 15:12,marawi bishop edwin dela pea looks forward to return to normalcy in wartorn city  cbcpnews marawiclash malayaonlinepic2,"(['Philippines'], Location((12.7503486, 122.7312101, 0.0)))",en,0.038414,0.607382,0.131424,0.02763,0.015762,"['joy', 0.607382]"
AksyonTV,2017-06-13 15:11,watch  du30s nod not needed by us forces in marawi because of vfa edca  cayetano,"(['TV5', ' Philippines'], Location((47.8967217, 106.887564062, 0.0)))",en,0.214068,0.066174,0.427186,0.400671,0.19072,"['sadness', 0.427186]"
PHLNewsOnline,2017-06-13 15:11,news5 watch  du30s nod not needed by us forces in marawi because of vfa edca,"(['Philippines'], Location((12.7503486, 122.7312101, 0.0)))",en,0.214068,0.066174,0.427186,0.400671,0.19072,"['sadness', 0.427186]"
dswdfo5,2017-06-13 15:10,status of our relief operations and assistance to filipinos affected by armed conflict in marawi 19,"(['Legazpi City', ' Bicol Region'], Location((13.1516322, 123.7520096, 0.0)))",en,0.022469,0.029522,0.041183,0.242167,0.038525,"['fear', 0.242167]"
dswdfo5,2017-06-13 15:05,status of our relief operations and assistance to filipinos affected by armed conflict in marawi,"(['Legazpi City', ' Bicol Region'], Location((13.1516322, 123.7520096, 0.0)))",en,0.022469,0.029522,0.041183,0.242167,0.038525,"['fear', 0.242167]"
interaksyon,2017-06-13 15:04,atty manuel claims what happened in marawi is not the quintessential scenario for a declaration of martial law mmlorals,"(['Philippines'], Location((12.7503486, 122.7312101, 0.0)))",en,0.13858,0.036304,0.251972,0.151147,0.118564,"['sadness', 0.251972]"
gmanewsbreaking,2017-06-13 15:03,atty manuel claims what happened in marawi is not the quintessential scenario for a declaration of martial law mmlorals  scphpio,"(['Philippines'], Location((12.7503486, 122.7312101, 0.0)))",en,0.13858,0.036304,0.251972,0.151147,0.118564,"['sadness', 0.251972]"
ANCALERTS,2017-06-13 15:03,j leonen what is different in marawi why cant the police simply do what they were supposed to do there was a crime being committed,"(['Philippines'], Location((12.7503486, 122.7312101, 0.0)))",en,0.21507,0.010377,0.605488,0.19518,0.29154,"['sadness', 0.605488]"
gmanewsbreaking,2017-06-13 15:02,j leonen what is different in marawi why cant the police simply do what they were supposed to do there was a crime being committed,"(['Philippines'], Location((12.7503486, 122.7312101, 0.0)))",en,0.21507,0.010377,0.605488,0.19518,0.29154,"['sadness', 0.605488]"
lalarimando,2017-06-13 15:02,ramon ang on mindanao investments were not worried what happened in marawi is isolated,"(['Republic of the Philippines'], Location((12.7503486, 122.7312101, 0.0)))",en,0.081712,0.145712,0.243984,0.142989,0.058509,"['sadness', 0.243984]"
rapplerdotcom,2017-06-13 15:01,leonen why cant the police in marawi simply do their jobs without declaration of martiallaw live,"(['Philippines'], Location((12.7503486, 122.7312101, 0.0)))",en,0.049323,0.396798,0.442061,0.063254,0.122459,"['sadness', 0.442061]"
southpaw2009,2017-06-13 15:01,our flag at halfmast in honor of our fallen heroes in marawi even ,"(['Manila', ' Philippines'], Location((14.5906216, 120.9799696, 0.0)))",en,0.025181,0.630423,0.144518,0.010677,0.251415,"['joy', 0.630423]"
BoomBuencamino,2017-06-13 14:59,he dared maute to attack marawi he had intel they accepted his dare  attack was imminent yet he took his top security officials on a trip,"(['Quezon City'], Location((14.6509905, 121.0486155, 0.0)))",en,0.459256,0.052491,0.056008,0.493666,0.26523,"['fear', 0.493666]"
SCPh_PIO,2017-06-13 14:59,j leonen what is different in marawi why cant the police simply do what they were supposed to do there was a crime being committed,"(['Padre Faura', ' Manila', ' Ph'], Location((14.5782914, 120.9829884, 0.0)))",en,0.21507,0.010377,0.605488,0.19518,0.29154,"['sadness', 0.605488]"
gmanewsbreaking,2017-06-13 14:58,atty manuel is counsel for four women residents of marawi city who have evacuated to iligan city mmlorals  scphpio,"(['Philippines'], Location((12.7503486, 122.7312101, 0.0)))",en,0.055963,0.229261,0.20003,0.209244,0.255474,"['disgust', 0.255474]"
gmanewsbreaking,2017-06-13 14:58,associate justice marvic leonen now interpellates atty marlon manuel counsel of marawi women mmlorals  scphpio,"(['Philippines'], Location((12.7503486, 122.7312101, 0.0)))",en,0.107722,0.096424,0.451573,0.138069,0.294137,"['sadness', 0.451573]"
SunStarBaguio,2017-06-13 14:57,defense secretary delfin lorenzana said since the deadline of liberation of marawi was not pushed on 1,"(['Baguio City'], Location((14.6481727, 121.0315073, 0.0)))",en,0.104989,0.021459,0.595005,0.278642,0.192224,"['sadness', 0.595005]"
alueclaire,2017-06-13 14:57,my heart still breaks at the thought of you pray for marawi,"(['Dipolog City'], Location((14.6596439, 121.0462542, 0.0)))",en,0.011973,0.027973,0.711324,0.435507,0.049241,"['sadness', 0.711324]"
nerowattz,2017-06-13 14:56,marawi evacuees boost economy of nearby town inquirermobilehttp,"(['Makati City'], Location((14.5591272, 121.0202094, 0.0)))",en,0.026218,0.709672,0.084621,0.173396,0.031806,"['joy', 0.709672]"
ABSCBNNews,2017-06-13 14:56,carido was fighting alongside cardona jr during the battle that killed the latter in marawi city  via anjobagaoisanpic8,"(['Manila', ' Philippines'], Location((14.5906216, 120.9799696, 0.0)))",en,0.285623,0.021805,0.219273,0.452337,0.097396,"['fear', 0.452337]"
dswdfo5,2017-06-13 14:55,now press briefing with dswd region 10 and armm on updates on marawi crisis at the regional command and,"(['Legazpi City', ' Bicol Region'], Location((13.1516322, 123.7520096, 0.0)))",en,0.292823,0.05127,0.143297,0.485057,0.059399,"['fear', 0.485057]"
anjo_bagaoisan,2017-06-13 14:52,carido was fighting alongside cardona jr during the battle that killed the latter in marawi city,"(['Philippines'], Location((12.7503486, 122.7312101, 0.0)))",en,0.387469,0.011942,0.175968,0.358466,0.0735,"['anger', 0.387469]"
urduja2000,2017-06-13 14:51,this brave warrior is from pangasinan the soldiers and police officers who died in marawi are all from luzon ,"(['Manila', ' Philippines'], Location((14.5906216, 120.9799696, 0.0)))",en,0.087796,0.042663,0.629767,0.217366,0.303844,"['sadness', 0.629767]"
DailyStarPH,2017-06-13 14:49,dailystarph philippines supplemental budget eyed for marawi rehab  business news the ,"(['Republic of the Philippines'], Location((12.7503486, 122.7312101, 0.0)))",en,0.07204,0.197663,0.242362,0.214959,0.336038,"['disgust', 0.336038]"
gmanews,2017-06-13 14:48,abella palace had info before marawi attack says afp acted preemptively based on it situation couldve been worse  tinapperez,"(['Philippines'], Location((12.7503486, 122.7312101, 0.0)))",en,0.151343,0.004925,0.488495,0.501912,0.185372,"['fear', 0.501912]"
philippinenews7,2017-06-13 14:48,militants control 20 of marawi  military officials  the philippine military said on tuesday that islamist mi,"(['Philippines'], Location((12.7503486, 122.7312101, 0.0)))",en,0.055691,0.160748,0.237394,0.368836,0.23223,"['fear', 0.368836]"
philippinenews7,2017-06-13 14:48,authorities rescue five civilians trapped in maute stronghold in marawi,"(['Philippines'], Location((12.7503486, 122.7312101, 0.0)))",en,0.075967,0.154341,0.285464,0.166679,0.019168,"['sadness', 0.285464]"
ANCALERTS,2017-06-13 14:47,atty manuel is counsel for four women residents of marawi city who have evacuated to iligan city  via scphpio martiallaworals,"(['Philippines'], Location((12.7503486, 122.7312101, 0.0)))",en,0.039277,0.249869,0.210844,0.252134,0.274798,"['disgust', 0.274798]"
MovePH,2017-06-13 14:46,to the fallen soldiers of the marawi siege i love you and i will always remember you salamatsaserbisyohttp,"(['Philippines'], Location((12.7503486, 122.7312101, 0.0)))",en,0.027409,0.67183,0.145468,0.085298,0.025358,"['joy', 0.67183]"
interaksyon,2017-06-13 14:46,atty manuel is counsel for four women residents of marawi city who have evacuated to iligan city mmlorals,"(['Philippines'], Location((12.7503486, 122.7312101, 0.0)))",en,0.055963,0.229261,0.20003,0.209244,0.255474,"['disgust', 0.255474]"
rapplerdotcom,2017-06-13 14:46,marawi petitioners are in iligan city after they evacuated leonen wants lawyers to secure their safety live,"(['Philippines'], Location((12.7503486, 122.7312101, 0.0)))",en,0.062572,0.152375,0.119457,0.027978,0.100925,"['joy', 0.152375]"
jassspreadlove,2017-06-13 14:45,retweeted concept  conceptgrp kin of fallen marines in marawi city to get benefits worth php700,"(['Manila City', ' National Capital'], Location((14.5906216, 120.9799696, 0.0)))",en,0.047946,0.426395,0.135312,0.072866,0.05802,"['joy', 0.426395]"
PhilippineStar,2017-06-13 14:45,associate justice marvic leonen now interpellates atty marlon manuel counsel of marawi women mmlorals,"(['Philippines'], Location((12.7503486, 122.7312101, 0.0)))",en,0.107722,0.096424,0.451573,0.138069,0.294137,"['sadness', 0.451573]"
jamintolife,2017-06-13 14:45,also probe the presence of mautes and druglords in marawi,"(['Central Visayas'], Location((10.264054, 123.869395973, 0.0)))",en,0.021266,0.587524,0.15555,0.074078,0.01062,"['joy', 0.587524]"
ABSCBNNews,2017-06-13 14:45,terrorists kill 5 civilians trapped in marawi home u,"(['Manila', ' Philippines'], Location((14.5906216, 120.9799696, 0.0)))",en,0.372788,0.005297,0.393821,0.471506,0.128345,"['fear', 0.471506]"
ANCALERTS,2017-06-13 14:44,terrorists kill 5 civilians trapped in marawi home,"(['Philippines'], Location((12.7503486, 122.7312101, 0.0)))",en,0.372788,0.005297,0.393821,0.471506,0.128345,"['fear', 0.471506]"
lianbuan,2017-06-13 14:44,marawi petitioners are in iligan city after they have evacuated from marawi j leonen wants lawyers to secure their safety rapplerdotcom,"(['Manila'], Location((14.5906216, 120.9799696, 0.0)))",en,0.073654,0.103138,0.100748,0.027494,0.105981,"['disgust', 0.105981]"
ABSCBNNews,2017-06-13 14:44,associate justice marvic leonen now interpellates atty marlon manuel counsel of marawi women martiallaworals,"(['Manila', ' Philippines'], Location((14.5906216, 120.9799696, 0.0)))",en,0.107722,0.096424,0.451573,0.138069,0.294137,"['sadness', 0.451573]"
tinapperez,2017-06-13 14:44,presdl spokes abella palace had info before marawi attack says afp acted preemptively based on it situation couldve been worse gmanews,"(['Philippines'], Location((12.7503486, 122.7312101, 0.0)))",en,0.151343,0.004925,0.488495,0.501912,0.185372,"['fear', 0.501912]"
rapplerdotcom,2017-06-13 14:43,justice leonen will interpellate marlon manuel representing the marawi group of petitioners martiallaw sc orals,"(['Philippines'], Location((12.7503486, 122.7312101, 0.0)))",en,0.075962,0.101147,0.085423,0.048618,0.058752,"['joy', 0.101147]"
lianbuan,2017-06-13 14:43,justice leonen will interpellate marlon manuel representing the marawi group of petitioners rapplerdotcom,"(['Manila'], Location((14.5906216, 120.9799696, 0.0)))",en,0.175689,0.327083,0.287856,0.059327,0.10048,"['joy', 0.327083]"
nerowattz,2017-06-13 14:41,calida elements of rebellion all present in marawi siege inquirermobilehttpu,"(['Makati City'], Location((14.5591272, 121.0202094, 0.0)))",en,0.056547,0.461566,0.038981,0.079293,0.045971,"['joy', 0.461566]"
momblogger,2017-06-13 14:40,solgen to sc marawi siege meant to trigger uprisings,"(['Makati City', ' Philippines'], Location((14.5591272, 121.0202094, 0.0)))",en,0.060567,0.034962,0.066229,0.084886,0.028758,"['fear', 0.084886]"
Panay_News,2017-06-13 14:39,philippine flag flown at halfmast at the hall of justice in iloilo city in solidarity with marawi city ian paul cordero,"(['Pavia', ' Iloilo', ' Philippines'], Location((45.1860043, 9.1546375, 0.0)))",en,0.086928,0.186477,0.190466,0.074564,0.423832,"['disgust', 0.423832]"
lolTMT,2017-06-13 14:39,facebook to turn off accounts that incite terrorism in marawi,"(['Philippines'], Location((12.7503486, 122.7312101, 0.0)))",en,0.121096,0.009891,0.486052,0.188106,0.151795,"['sadness', 0.486052]"
lolTMT,2017-06-13 14:37,martial law isnt answer to marawi crisis says solon in sc arguments,"(['Philippines'], Location((12.7503486, 122.7312101, 0.0)))",en,0.410738,0.005978,0.178425,0.302645,0.166884,"['anger', 0.410738]"
rapplerdotcom,2017-06-13 14:37,five policemen trapped in areas dominated by local terror groups in marawi city were rescued by govt forces,"(['Philippines'], Location((12.7503486, 122.7312101, 0.0)))",en,0.090667,0.006741,0.457167,0.573503,0.054999,"['fear', 0.573503]"
PhilippineStar,2017-06-13 14:33,lagman replies that the allegations that the amai pakpak hospital  the marawi city hall have been occupied by maute are false mmlorals,"(['Philippines'], Location((12.7503486, 122.7312101, 0.0)))",en,0.24271,0.044993,0.327787,0.29317,0.336117,"['disgust', 0.336117]"
nerowattz,2017-06-13 14:31,robredo hits aguirre for spreading fake news about marawi siege inquirermobilehttp,"(['Makati City'], Location((14.5591272, 121.0202094, 0.0)))",en,0.189743,0.024115,0.5666,0.218276,0.325001,"['sadness', 0.5666]"
aerontargaryen,2017-06-13 14:31,meanwhile in marawi ,"(['Batangas/Manila PH'], Location((14.6210778, 120.9769475, 0.0)))",en,0.086637,0.0902,0.252157,0.05579,0.195589,"['sadness', 0.252157]"
ANCALERTS,2017-06-13 14:31,lagman says the allegations that the amai pakpak hospital  the marawi city hall have been occupied by maute are false martiallaworals,"(['Philippines'], Location((12.7503486, 122.7312101, 0.0)))",en,0.212556,0.041101,0.428778,0.27936,0.345012,"['sadness', 0.428778]"
PHHotTrends,2017-06-13 14:25,armm more than 183500 displaced by marawi crisis marawiupdateshttpsu,"(['Manila City'], Location((14.5906216, 120.9799696, 0.0)))",en,0.123859,0.03192,0.21729,0.455236,0.238328,"['fear', 0.455236]"
PHHotTrends,2017-06-13 14:25,supplemental budget eyed for marawi rehab marawiupdates philstarbiznewshttps,"(['Manila City'], Location((14.5906216, 120.9799696, 0.0)))",en,0.095947,0.128021,0.1819,0.241591,0.265768,"['disgust', 0.265768]"
PhilstarNews,2017-06-13 14:23,armm more than 183500 displaced by marawi crisis marawiupdates u,"(['Manila', ' Philippines'], Location((14.5906216, 120.9799696, 0.0)))",en,0.123859,0.03192,0.21729,0.455236,0.238328,"['fear', 0.455236]"
dswdserves,2017-06-13 14:22,dswd drafts guidelines for systematic distribution of cash aid to marawi crisis evacuees dswdmaymalasakit,"(['Quezon City', ' Philippines'], Location((14.6509905, 121.0486155, 0.0)))",en,0.067414,0.040565,0.184723,0.147106,0.232726,"['disgust', 0.232726]"
PHLNewsOnline,2017-06-13 14:22,gma news marawi residents had fun at provincial capitol on eve of independence day,"(['Philippines'], Location((12.7503486, 122.7312101, 0.0)))",en,0.016112,0.785391,0.068439,0.065579,0.071419,"['joy', 0.785391]"
SCPh_PIO,2017-06-13 14:21,assuming theres rebellion in marawipublic safety requires lagman territorial coverage of ml declaration not absolute discretion of pres,"(['Padre Faura', ' Manila', ' Ph'], Location((14.5782914, 120.9829884, 0.0)))",en,0.028183,0.02739,0.156121,0.128425,0.033646,"['sadness', 0.156121]"
lianbuan,2017-06-13 14:21,scs del castillo isnt marawi siege act of rebellion,"(['Manila'], Location((14.5906216, 120.9799696, 0.0)))",en,0.198154,0.15857,0.200235,0.130975,0.134241,"['sadness', 0.200235]"
nerowattz,2017-06-13 14:21,robredo slams aguirre for using fake news on marawi conflict inquirermobilehttp,"(['Makati City'], Location((14.5591272, 121.0202094, 0.0)))",en,0.405272,0.020019,0.56676,0.059141,0.263861,"['sadness', 0.56676]"
aboutCDO,2017-06-13 14:20,president duterte promises rehabilitation to marawi victims duterte marawicity maute rehabilitationplan,"(['Cagayan De Oro City'], Location((8.42980265, 124.682410212, 0.0)))",en,0.162874,0.123476,0.435655,0.051457,0.405212,"['sadness', 0.435655]"
dswdfocar,2017-06-13 14:20,here is the latest information on the relief assistance being provided to those affected by the marawi incident,"(['Baguio City'], Location((14.6481727, 121.0315073, 0.0)))",en,0.016217,0.031274,0.043102,0.050475,0.014719,"['fear', 0.050475]"
News5AKSYON,2017-06-13 14:17,especially since afp still not gaining full control in marawi 22  via maeannelosbanos,"(['Philippines'], Location((12.7503486, 122.7312101, 0.0)))",en,0.105649,0.153308,0.372032,0.218363,0.167034,"['sadness', 0.372032]"
gmanews,2017-06-13 14:17,doj has formally asked sc to move maute cases and those involved in marawi attacks from cagayan de oro to metro manila ,"(['Philippines'], Location((12.7503486, 122.7312101, 0.0)))",en,0.14453,0.036003,0.0752,0.331512,0.162919,"['fear', 0.331512]"
tonyocruz,2017-06-13 14:14,tell that to the people of devastated marawi city and to the families of soldiers,"(['Manila', ' Philippines'], Location((14.5906216, 120.9799696, 0.0)))",en,0.104426,0.082491,0.622236,0.167022,0.157201,"['sadness', 0.622236]"
bloombergtvph,2017-06-13 14:14,8 of 13 marines killed in marawi arrived in villamor airbase intheloop,"(['Republic of the Philippines'], Location((12.7503486, 122.7312101, 0.0)))",en,0.439108,0.025491,0.433138,0.207414,0.091735,"['anger', 0.439108]"
bloombergtvph,2017-06-13 14:13,duterte cancelled independence day vin dhonneur in light of fighting in marawi intheloop cignaltv,"(['Republic of the Philippines'], Location((12.7503486, 122.7312101, 0.0)))",en,0.070207,0.385951,0.301281,0.118991,0.077208,"['joy', 0.385951]"
interaksyon,2017-06-13 14:09,sen ejercito looking at possibility of extending ml in mindanao since afp still hasnt gained full control in marawi  maeannelosbanos,"(['Philippines'], Location((12.7503486, 122.7312101, 0.0)))",en,0.060959,0.158762,0.124163,0.194138,0.063108,"['fear', 0.194138]"
Pgeanthology101,2017-06-13 14:08,vice gandas gown at the mega millennial ball last night pray for marawi,"(['Batangas City', ' Calabarzon'], Location((13.65966045, 121.06852702, 0.0)))",en,0.11599,0.083077,0.3443,0.531381,0.123626,"['fear', 0.531381]"
inquirer_libre,2017-06-13 14:06,icymi casualties of marawi war cdo theme parks,"(['Philippines'], Location((12.7503486, 122.7312101, 0.0)))",en,0.078018,0.149629,0.453228,0.247737,0.271342,"['sadness', 0.453228]"
deanjorgebocobo,2017-06-13 14:05,yet the latest guess by the afp is a week or twos to retake marawi,"(['Philippines'], Location((12.7503486, 122.7312101, 0.0)))",en,0.072089,0.215202,0.48851,0.24751,0.03339,"['sadness', 0.48851]"
OneMNLF,2017-06-13 13:58,a1 intel marawi evacuees who have no land titles will be disallowed to return to marawi after this war same as 8,"(['Mindanao (MI)'], Location((30.335525, -89.405573, 0.0)))",en,0.25102,0.169964,0.298332,0.133133,0.100031,"['sadness', 0.298332]"
gmanews,2017-06-13 13:57,govt thwarted worse scenario in marawi palace,"(['Philippines'], Location((12.7503486, 122.7312101, 0.0)))",en,0.169002,0.003201,0.781356,0.120356,0.12373,"['sadness', 0.781356]"
al_feliciano,2017-06-13 13:55,is it because of the declaration of martial law or is it because of the situation in marawi lets be clear on this philippinestarhttps,"(['National Capital Region', ' Repub'], Location((14.5736108, 121.0329706, 0.0)))",en,0.223321,0.169408,0.179647,0.162693,0.296734,"['disgust', 0.296734]"
bleumagick,2017-06-13 13:53,the president has the power to declare in cases of rebellion invasion and or lawlessnessis what happen to marawi enough,"(['Manila'], Location((14.5906216, 120.9799696, 0.0)))",en,0.198935,0.195081,0.189805,0.062714,0.118031,"['anger', 0.198935]"
tontonico,2017-06-13 13:52,and yet the admin failed to prepare and defend marawi and instead proceeded to go on a junket trip,"(['Quezon City', ' National Capital Region'], Location((14.6509905, 121.0486155, 0.0)))",en,0.338613,0.021958,0.581202,0.171669,0.20984,"['sadness', 0.581202]"
ANCALERTS,2017-06-13 13:51,da to distribute 100 halal food packets to evacuees soldiers in lanao del sur amid marawi crisis  carolynbonquin,"(['Philippines'], Location((12.7503486, 122.7312101, 0.0)))",en,0.154047,0.045769,0.282693,0.438681,0.259664,"['fear', 0.438681]"
LOCALNEWSNgayon,2017-06-13 13:50,marawi residents had fun at provincial capitol on eve of independence day  read via gma news,"(['Philippines'], Location((12.7503486, 122.7312101, 0.0)))",en,0.01042,0.736406,0.078164,0.09967,0.108409,"['joy', 0.736406]"
LOCALNEWSNgayon,2017-06-13 13:50,govt thwarted worse scenario in marawi palace  read via gma news,"(['Philippines'], Location((12.7503486, 122.7312101, 0.0)))",en,0.090602,0.007576,0.759129,0.197631,0.226923,"['sadness', 0.759129]"
ABSCBNNews,2017-06-13 13:49,da to distribute 100 halal food packets to evacuees soldiers in lanao del sur amid marawi crisis  via carolynbonquinpic,"(['Manila', ' Philippines'], Location((14.5906216, 120.9799696, 0.0)))",en,0.111403,0.052182,0.291468,0.492922,0.297619,"['fear', 0.492922]"
AksyonTV,2017-06-13 13:48,bayan muna lawmaker seeks probe of us forces presence in marawi  breakingnews,"(['TV5', ' Philippines'], Location((47.8967217, 106.887564062, 0.0)))",en,0.072392,0.419956,0.309839,0.179146,0.034386,"['joy', 0.419956]"
PHLNewsOnline,2017-06-13 13:48,news5 bayan muna lawmaker seeks probe of us forces presence in marawi,"(['Philippines'], Location((12.7503486, 122.7312101, 0.0)))",en,0.072392,0.419956,0.309839,0.179146,0.034386,"['joy', 0.419956]"
carolyn_bonquin,2017-06-13 13:45,da to distribute 100 halal food packets to evacuees soldiers in lanao del sure amid marawi crisis,"(['Republic of the Philippines'], Location((12.7503486, 122.7312101, 0.0)))",en,0.172395,0.054584,0.27744,0.432251,0.212599,"['fear', 0.432251]"
tonyocruz,2017-06-13 13:45,read stars and stripes over marawi via manilabulletin,"(['Manila', ' Philippines'], Location((14.5906216, 120.9799696, 0.0)))",en,0.013776,0.559651,0.158104,0.121568,0.147615,"['joy', 0.559651]"
rapplerdotcom,2017-06-13 13:44,associate justice del castillo indicated that the siege in marawi can be considered an act of rebellion martiallawhttp,"(['Philippines'], Location((12.7503486, 122.7312101, 0.0)))",en,0.175688,0.08893,0.242926,0.091801,0.092621,"['sadness', 0.242926]"
PIARegion6,2017-06-13 13:43,the pia flag flies at half mast in honor of government troops and civilians killed in marawi city pia 6,"(['Iloilo City', ' Western Visayas'], Location((10.7026718, 122.5686136, 0.0)))",en,0.105994,0.014506,0.058987,0.069231,0.275612,"['disgust', 0.275612]"
nerowattz,2017-06-13 13:43,govt forces decisive action preempted maute plans in marawipalace inquirermobilehttp,"(['Makati City'], Location((14.5591272, 121.0202094, 0.0)))",en,0.18645,0.004291,0.545522,0.134697,0.092912,"['sadness', 0.545522]"
PTVph,2017-06-13 13:43,sen ejercito on presence of us military troops near marawi city any help is welcome because terrorism is a worldwide problem  sweedenvpicc,"(['Philippines'], Location((12.7503486, 122.7312101, 0.0)))",en,0.036297,0.325221,0.275602,0.282948,0.03356,"['joy', 0.325221]"
gmanews,2017-06-13 13:41,lanao del sur govs ancestral home bombed in marawi,"(['Philippines'], Location((12.7503486, 122.7312101, 0.0)))",en,0.146799,0.11897,0.335458,0.498892,0.166817,"['fear', 0.498892]"
PhilDefNews,2017-06-13 13:40,taps to the 58 police and afp personnel who have died so far in the battle for marawi,"(['Manila', ' Philippines'], Location((14.5906216, 120.9799696, 0.0)))",en,0.212475,0.01192,0.671841,0.288679,0.12071,"['sadness', 0.671841]"
piaranada,2017-06-13 13:39,suspect to be arrested for cyber sedition related to marawi crisis via rapplerdotcomhttp,"(['Philippines'], Location((12.7503486, 122.7312101, 0.0)))",en,0.221444,0.006185,0.260973,0.636962,0.208983,"['fear', 0.636962]"
johncoloma1983,2017-06-13 13:37,photos heroes of marawi salute to our fallen soldiers thank you for your service credits to philippine army pao via gmanews,"(['Iloilo City'], Location((10.7026718, 122.5686136, 0.0)))",en,0.051313,0.615722,0.11535,0.023319,0.119106,"['joy', 0.615722]"
aboutCDO,2017-06-13 13:35,two big cdeo theme parks canceled due to marawi city siege cagayandeoro cartoonnetworkthemepark sixflags,"(['Cagayan De Oro City'], Location((8.42980265, 124.682410212, 0.0)))",en,0.050583,0.137013,0.485543,0.145485,0.084515,"['sadness', 0.485543]"
frapix11,2017-06-13 13:34,this is their chance of redemptionjune 14566 scalawag police officers will be sent to marawi city,"(['National Capital Region'], Location((14.5736108, 121.0329706, 0.0)))",en,0.293846,0.031343,0.241174,0.177747,0.232346,"['anger', 0.293846]"
ANCALERTS,2017-06-13 13:34,sc ph flag to be flown at half staff for 3 days in all courts in solidarity with kin of fatalities in marawi crisis ,"(['Philippines'], Location((12.7503486, 122.7312101, 0.0)))",en,0.08037,0.006752,0.065464,0.241134,0.342862,"['disgust', 0.342862]"
ShoPaoNeri,2017-06-13 13:32,id say thats a bit unfair considering theres that little marawi thing going on,"(['Republic of the Philippines'], Location((12.7503486, 122.7312101, 0.0)))",en,0.28486,0.016345,0.710089,0.141819,0.086269,"['sadness', 0.710089]"
dswdfo6,2017-06-13 13:32,marawi updates,"(['Iloilo City'], Location((10.7026718, 122.5686136, 0.0)))",en,0.058991,0.089989,0.210689,0.035772,0.015817,"['sadness', 0.210689]"
radikalchick,2017-06-13 13:31,so deadma na sa hr violations illegal arrests and detention etc etc martiallaw mindanao marawi,"(['Philippines'], Location((12.7503486, 122.7312101, 0.0)))",en,0.469864,0.023534,0.539185,0.118131,0.154106,"['sadness', 0.539185]"
hearditright,2017-06-13 13:30,btw who invited with open arms maute group to attack marawi last dec,"(['Dasmarinas', ' Calabarzon'], Location((14.6455597, 120.9995684, 0.0)))",en,0.211839,0.088859,0.1961,0.55798,0.147088,"['fear', 0.55798]"
PHHotTrends,2017-06-13 13:30,solgen says marawi siege meant to set off other uprisings but is rebellion before the fact enough to declare m,"(['Manila City'], Location((14.5906216, 120.9799696, 0.0)))",en,0.267525,0.256056,0.270262,0.0896,0.067229,"['sadness', 0.270262]"
PhilstarNews,2017-06-13 13:30,solgen says marawi siege meant to set off other uprisings but is rebellion before the fact enough to declare ml,"(['Manila', ' Philippines'], Location((14.5906216, 120.9799696, 0.0)))",en,0.18393,0.213293,0.193612,0.080251,0.055416,"['joy', 0.213293]"
tmmanila,2017-06-13 13:27,those who are filing their petition should also go to marawi,"(['Manila City'], Location((14.5906216, 120.9799696, 0.0)))",en,0.076476,0.167478,0.257768,0.156266,0.075201,"['sadness', 0.257768]"
dswdfo5,2017-06-13 13:25,status of our relief operations and assistance to filipinos affected by armed conflict in marawi dswd sec judy u,"(['Legazpi City', ' Bicol Region'], Location((13.1516322, 123.7520096, 0.0)))",en,0.061512,0.023826,0.065132,0.296672,0.050417,"['fear', 0.296672]"
dswdfo5,2017-06-13 13:25,status of our relief operations and assistance to filipinos affected by armed conflict in marawi dswdserves secjudypic,"(['Legazpi City', ' Bicol Region'], Location((13.1516322, 123.7520096, 0.0)))",en,0.022469,0.029522,0.041183,0.242167,0.038525,"['fear', 0.242167]"
mariaressa,2017-06-13 13:25,calida military knew marawi terror plot as early as april  via,"(['Philippines'], Location((12.7503486, 122.7312101, 0.0)))",en,0.03405,0.045977,0.133225,0.873055,0.061368,"['fear', 0.873055]"
Manay_Judy,2017-06-13 13:23,here are the latest updates on the status of our relief operations and assistance to filipinos affected by armed conflict in marawi,"(['Republic of the Philippines'], Location((12.7503486, 122.7312101, 0.0)))",en,0.031413,0.029019,0.060688,0.258516,0.022325,"['fear', 0.258516]"
ABSCBNNews,2017-06-13 13:23,sc ph flag to be flown at halfstaff for 3 days in all courts in solidarity with kin of fatalities in marawi crisis  via,"(['Manila', ' Philippines'], Location((14.5906216, 120.9799696, 0.0)))",en,0.039212,0.014579,0.050852,0.287334,0.277956,"['fear', 0.287334]"
lhaiaquipel,2017-06-13 13:21,i adopt mo na sya sir raffytima i think he likes you and maybe you can name him marawi ingat po,"(['Philippines'], Location((12.7503486, 122.7312101, 0.0)))",en,0.049049,0.185159,0.21822,0.104797,0.13461,"['sadness', 0.21822]"
PHHotTrends,2017-06-13 13:20,sc flies flag court colors at halfmast to honor marawi fatalities marawiupdateshttps,"(['Manila City'], Location((14.5906216, 120.9799696, 0.0)))",en,0.026551,0.106501,0.02229,0.053135,0.218061,"['disgust', 0.218061]"
PhilstarNews,2017-06-13 13:20,sc flies flag court colors at halfmast to honor marawi fatalities marawiupdates,"(['Manila', ' Philippines'], Location((14.5906216, 120.9799696, 0.0)))",en,0.026551,0.106501,0.02229,0.053135,0.218061,"['disgust', 0.218061]"
PHLNewsOnline,2017-06-13 13:18,gma news govt wants to transfer soldiers wounded in marawi to another hospital,"(['Philippines'], Location((12.7503486, 122.7312101, 0.0)))",en,0.158019,0.003516,0.820993,0.100366,0.148838,"['sadness', 0.820993]"
gmanews,2017-06-13 13:15,govt wants to transfer soldiers wounded in marawi to another hospital,"(['Philippines'], Location((12.7503486, 122.7312101, 0.0)))",en,0.178393,0.003467,0.803602,0.091758,0.12643,"['sadness', 0.803602]"
LOCALNEWSNgayon,2017-06-13 13:10,govt wants to transfer soldiers wounded in marawi to another hospital  read via gma news,"(['Philippines'], Location((12.7503486, 122.7312101, 0.0)))",en,0.104612,0.006938,0.798441,0.137867,0.223369,"['sadness', 0.798441]"
phnews24x7,2017-06-13 13:08,remains of 5 marines killed in marawi brought to home provinces ,"(['Philippines'], Location((12.7503486, 122.7312101, 0.0)))",en,0.255739,0.082176,0.328322,0.244159,0.16248,"['sadness', 0.328322]"
MindanaoGSD,2017-06-13 13:03,groups unite to raise fund for marawi mindanaogoldstardaily goldstardailynews mindanaogsdhttp,"(['Mindanao', ' Philippines'], Location((7.68980415, 125.236399692, 0.0)))",en,0.166856,0.132303,0.072051,0.020156,0.349506,"['disgust', 0.349506]"
PHLNewsOnline,2017-06-13 13:02,news5 after 3 weeks extremists still hold 20 of marawi  afp u,"(['Philippines'], Location((12.7503486, 122.7312101, 0.0)))",en,0.146351,0.17091,0.37753,0.132531,0.115293,"['sadness', 0.37753]"
AksyonTV,2017-06-13 13:01,after 3 weeks extremists still hold 20 of marawi  afp  1 breakingnews,"(['TV5', ' Philippines'], Location((47.8967217, 106.887564062, 0.0)))",en,0.146351,0.17091,0.37753,0.132531,0.115293,"['sadness', 0.37753]"
arjhepramos,2017-06-13 13:01,marawis innocent via launchora,"(['National Capital Region'], Location((14.5736108, 121.0329706, 0.0)))",en,0.084939,0.202495,0.206878,0.119589,0.483026,"['disgust', 0.483026]"
Philtizen,2017-06-13 13:00,the philippine military said on tuesday that islamist militants hold 20 percent of the marawi city disputing an,"(['Republic of the Philippines'], Location((12.7503486, 122.7312101, 0.0)))",en,0.229954,0.173408,0.427287,0.257059,0.054815,"['sadness', 0.427287]"
raffytima,2017-06-13 12:58,this little guy followed us around slept on my gadgets and kept us company while in marawi the area is now off limits to media,"(['Manila', ' Philippines'], Location((14.5906216, 120.9799696, 0.0)))",en,0.154843,0.086286,0.21688,0.26261,0.119055,"['fear', 0.26261]"
iamramcossid,2017-06-13 12:57,more than that of gsws win i pray we win this battle for marawi,"(['Philippines'], Location((12.7503486, 122.7312101, 0.0)))",en,0.063776,0.550747,0.233136,0.202949,0.020124,"['joy', 0.550747]"
Urban_LifeMGSD,2017-06-13 12:53,part ii whats your marawi story cdo lifestyle urbanlifecdo d,"(['Cagayan De Oro City'], Location((8.42980265, 124.682410212, 0.0)))",en,0.049958,0.638422,0.158355,0.061633,0.092345,"['joy', 0.638422]"
rapplerdotcom,2017-06-13 12:53,watch ph honors heroes of marawi with noontime salute full story,"(['Philippines'], Location((12.7503486, 122.7312101, 0.0)))",en,0.023007,0.782516,0.039896,0.012421,0.08894,"['joy', 0.782516]"
gmanews,2017-06-13 12:51,militants control 20 of marawi  military officials,"(['Philippines'], Location((12.7503486, 122.7312101, 0.0)))",en,0.079689,0.147931,0.144249,0.343391,0.26213,"['fear', 0.343391]"
abscbnsports,2017-06-13 12:49,the pba paid tribute to the 58 heroes who offered their lives while fighting for the country in marawi city,"(['Quezon City', ' Philippines'], Location((14.6509905, 121.0486155, 0.0)))",en,0.068988,0.545022,0.283797,0.017489,0.113403,"['joy', 0.545022]"
inquirer_libre,2017-06-13 12:48,supreme court honors casualties of marawi battle,"(['Philippines'], Location((12.7503486, 122.7312101, 0.0)))",en,0.193081,0.336291,0.258572,0.10573,0.087866,"['joy', 0.336291]"
rapplerdotcom,2017-06-13 12:48,watch kid reportedly died of hunger inside marawi combat zone full story,"(['Philippines'], Location((12.7503486, 122.7312101, 0.0)))",en,0.064457,0.190587,0.602983,0.143353,0.136905,"['sadness', 0.602983]"
pnagovph,2017-06-13 12:46,govt has sufficient funds for military police recovery of marawi city  dbm chief  dbmgovph secbendiokno  918,"(['Quezon City'], Location((14.6509905, 121.0486155, 0.0)))",en,0.216703,0.007425,0.522602,0.159524,0.407724,"['sadness', 0.522602]"
aboutCDO,2017-06-13 12:44,duterte administration knew impending attacks of maute group beforehand marawi maute mindanaonews,"(['Cagayan De Oro City'], Location((8.42980265, 124.682410212, 0.0)))",en,0.220861,0.050405,0.162555,0.476057,0.138113,"['fear', 0.476057]"
JohnRPuz0n,2017-06-13 12:44, islamic state praises jihadist attacks in marawi iran via gmanews,"(['Planet', 'Philippines'], Location((42.9972798, 1.3454109, 0.0)))",en,0.030165,0.039135,0.225349,0.325477,0.346886,"['disgust', 0.346886]"
GeloChoi08,2017-06-13 12:43,heroes of marawi we salute you,"(['Republic of the Philippines'], Location((12.7503486, 122.7312101, 0.0)))",en,0.075516,0.571373,0.114192,0.022521,0.057279,"['joy', 0.571373]"
inquirerdotnet,2017-06-13 12:42,robredo on us assistance in marawi theyve helped a long time thats essence of community of nations n times of trouble w help each other,"(['Makati City'], Location((14.5591272, 121.0202094, 0.0)))",en,0.023771,0.357743,0.264186,0.008315,0.010356,"['joy', 0.357743]"
kcralvarez,2017-06-13 12:42,islamic state praises jihadist attacks in marawi iran via gmanews,"(['Philippines'], Location((12.7503486, 122.7312101, 0.0)))",en,0.030165,0.039135,0.225349,0.325477,0.346886,"['disgust', 0.346886]"
pnagovph,2017-06-13 12:41,comelec mulls temporary voters id for conflicthit residents in marawi city  piadesk piaix  1,"(['Quezon City'], Location((14.6509905, 121.0486155, 0.0)))",en,0.074019,0.03808,0.160778,0.081803,0.277557,"['disgust', 0.277557]"
red_eyed_baby,2017-06-13 12:41,no more dramano more foundation no lipstick am all set up to go to marawita ta ta mga,"(['Davao City', 'Philippines'], Location((7.22650725, 125.454887691, 0.0)))",en,0.114279,0.145099,0.131644,0.151651,0.033683,"['fear', 0.151651]"
sunstarcebu,2017-06-13 12:41,why was the flagraising ceremony in marawi city yesterday different from the usual independence day celebrations d,"(['Cebu', ' Philippines'], Location((10.45, 123.84, 0.0)))",en,0.045444,0.683854,0.185808,0.036809,0.032061,"['joy', 0.683854]"
myminc0,2017-06-13 12:40,why are ptv4  malacanang stating false fake and fruitless reports about martial law marawi  mindanao,"(['Republic of the Philippines'], Location((12.7503486, 122.7312101, 0.0)))",en,0.316852,0.001564,0.503022,0.270505,0.292707,"['sadness', 0.503022]"
pnagovph,2017-06-13 12:39,doj mulls financial aid for govt troops in marawi  dojph lloydcaliwan ,"(['Quezon City'], Location((14.6509905, 121.0486155, 0.0)))",en,0.065329,0.050527,0.54487,0.111093,0.131444,"['sadness', 0.54487]"
an_jeng,2017-06-13 12:38,isnt the argument whether there is a rebellion moot they found vids of maute planning the attack on marawi martiallaworals,"(['Davao City', ' Davao Region'], Location((7.22650725, 125.454887691, 0.0)))",en,0.145183,0.073715,0.053242,0.615078,0.028354,"['fear', 0.615078]"
ANCALERTS,2017-06-13 12:38,in this report jeffcanoy tells the story of cops and civilians who managed to escape after hiding in a basement in marawi,"(['Philippines'], Location((12.7503486, 122.7312101, 0.0)))",en,0.217611,0.066982,0.372348,0.364486,0.187256,"['sadness', 0.372348]"
manilanewsgirl,2017-06-13 12:38,trade usec teodoro pascua briefing reporters on marawi situation malayaonlinepic,"(['Quezon City'], Location((14.6509905, 121.0486155, 0.0)))",en,0.121665,0.424182,0.278005,0.127071,0.114752,"['joy', 0.424182]"
momblogger,2017-06-13 12:36,philippine military said on tuesday that islamist militants hold 20 percent of the marawi city,"(['Makati City', ' Philippines'], Location((14.5591272, 121.0202094, 0.0)))",en,0.025612,0.172109,0.454414,0.318018,0.044554,"['sadness', 0.454414]"
TheGoldHub,2017-06-13 12:36,mga ka lamboiligan for info share please marawi city jail break take a look at the faces if you see any of,"(['Republic of the Philippines'], Location((12.7503486, 122.7312101, 0.0)))",en,0.0335,0.031698,0.084396,0.025211,0.111777,"['disgust', 0.111777]"
manilabulletin,2017-06-13 12:35,marawi rehab underway  read 1 befullyinformed,"(['Manila', ' Philippines'], Location((14.5906216, 120.9799696, 0.0)))",en,0.08686,0.174219,0.151545,0.093654,0.072945,"['joy', 0.174219]"
camillediola,2017-06-13 12:34,two weeks ago defsec lorenzana already said the military has retaken 90 percent of marawi,"(['Manila', ' Philippines'], Location((14.5906216, 120.9799696, 0.0)))",en,0.032366,0.097356,0.653721,0.29777,0.066856,"['sadness', 0.653721]"
lrigeulb,2017-06-13 12:30,we shld be grateful the us is here to help us in marawi so many soldiers are dying in this senseless is ideology,"(['New York and Manila'], Location((14.6115603, 121.1013321, 0.0)))",en,0.019742,0.515506,0.292896,0.065669,0.055414,"['joy', 0.515506]"
manilabulletin,2017-06-13 12:30,defense military officials authorized to act on marawi seek foreign help  read befullyinformed,"(['Manila', ' Philippines'], Location((14.5906216, 120.9799696, 0.0)))",en,0.054573,0.087731,0.332697,0.366591,0.384776,"['disgust', 0.384776]"
lou_mhel,2017-06-13 12:29,ancalerts marawi attackers scorn peace corridors army ,"(['Republic of the Philippines'], Location((12.7503486, 122.7312101, 0.0)))",en,0.095091,0.57803,0.105345,0.088844,0.036761,"['joy', 0.57803]"
pnagovph,2017-06-13 12:29,marawi transferees to region 12 schools reach 231  depedph ,"(['Quezon City'], Location((14.6509905, 121.0486155, 0.0)))",en,0.040653,0.083678,0.143902,0.090549,0.064137,"['sadness', 0.143902]"
tropicalestroy,2017-06-13 12:29,pray for marawi city and cavs defendthemarawicity,"(['Las Pinas City', ' National Capit'], Location((-1.0917672, -80.8977939, 0.0)))",en,0.094021,0.0149,0.436637,0.427068,0.281027,"['sadness', 0.436637]"
MindanaoInsider,2017-06-13 12:27,marawi crisis military says militants control only 20 of city celebrity ariella arida denies romantic ties,"(['Davao City', ' Philippines'], Location((7.22650725, 125.454887691, 0.0)))",en,0.189316,0.032213,0.497992,0.220878,0.362987,"['sadness', 0.497992]"
SalmanRanaw,2017-06-13 12:27,missing persons during the marawi siege  if you know of missingunaccounted persons please use the format below,"(['Marawi City'], Location((8.0034938, 124.286626, 0.0)))",en,0.088875,0.024891,0.462233,0.216001,0.103543,"['sadness', 0.462233]"
Visayanbizpost,2017-06-13 12:26,marawi crisis wont delay bbl  dureza  philippine star,"(['Ormoc', ' Philippines'], Location((11.0094099, 124.6075767, 0.0)))",en,0.063753,0.08401,0.255307,0.474456,0.299837,"['fear', 0.474456]"
dzbb,2017-06-13 12:25,presidential spokesman ernesto abella the video abducted marawi priest was not received until during the fighting,"(['Republic of the Philippines'], Location((12.7503486, 122.7312101, 0.0)))",en,0.068167,0.202001,0.073232,0.097984,0.345127,"['disgust', 0.345127]"
patriciaviray,2017-06-13 12:25,solgen to sc marawi siege meant to trigger uprisings marawiupdates mmloralshttp,"(['Republic of the Philippines'], Location((12.7503486, 122.7312101, 0.0)))",en,0.060567,0.034962,0.066229,0.084886,0.028758,"['fear', 0.084886]"
PHHotTrends,2017-06-13 12:25,solgen to sc marawi siege meant to trigger uprisings marawiupdates,"(['Manila City'], Location((14.5906216, 120.9799696, 0.0)))",en,0.060567,0.034962,0.066229,0.084886,0.028758,"['fear', 0.084886]"
cinzano_paris,2017-06-13 12:25,cge nga if its not rebellion go to marawi take d media with you plant an isis flag and publish it edcellagman i dare you to prove it,"(['Manila City', ' National Capital'], Location((14.5906216, 120.9799696, 0.0)))",en,0.266886,0.067357,0.10754,0.070631,0.695277,"['disgust', 0.695277]"
xoxo___k,2017-06-13 12:25,nice context but i see it as a vice president filling in for a tired president who visited fallen soldiers and victims of the marawi clash,"(['Iloilo'], Location((10.9534597, 122.5756326, 0.0)))",en,0.149713,0.188657,0.548155,0.048335,0.208404,"['sadness', 0.548155]"
ABSCBNNews,2017-06-13 12:25,icymi cops civilians escape marawi battle zone after 21 days marawiclash,"(['Manila', ' Philippines'], Location((14.5906216, 120.9799696, 0.0)))",en,0.136795,0.056798,0.502037,0.378854,0.20264,"['sadness', 0.502037]"
sunstarcebu,2017-06-13 12:25,cebu city officials celebrated the 119th independence day with hope that the marawi conflict will end soon,"(['Cebu', ' Philippines'], Location((10.45, 123.84, 0.0)))",en,0.036163,0.715309,0.100091,0.096325,0.056092,"['joy', 0.715309]"
MindanaoInsider,2017-06-13 12:24,marawi crisis military says militants control only 20 of city the military said today june 13 that,"(['Davao City', ' Philippines'], Location((7.22650725, 125.454887691, 0.0)))",en,0.047457,0.038062,0.381047,0.513637,0.222769,"['fear', 0.513637]"
ANCALERTS,2017-06-13 12:19,abella marawi situation could have been worse if not for early action of the military live,"(['Philippines'], Location((12.7503486, 122.7312101, 0.0)))",en,0.1028,0.015283,0.510319,0.392239,0.330127,"['sadness', 0.510319]"
inquirerdotnet,2017-06-13 12:19,june 12 deadline to liberate marawi city was a working deadline but situation more complicated on the ground says abella  ncorralesinq,"(['Makati City'], Location((14.5591272, 121.0202094, 0.0)))",en,0.059724,0.047288,0.430767,0.428609,0.0757,"['sadness', 0.430767]"
PTVph,2017-06-13 12:18,read deped helps marawi learners reestablish sense of normalcy  via depedph joygumatay here,"(['Philippines'], Location((12.7503486, 122.7312101, 0.0)))",en,0.020618,0.322451,0.157793,0.221033,0.033502,"['joy', 0.322451]"
nerowattz,2017-06-13 12:16,5 policemen 5 civilians rescued in marawi inquirermobilehttpd0,"(['Makati City'], Location((14.5591272, 121.0202094, 0.0)))",en,0.044764,0.235785,0.168648,0.118389,0.075478,"['joy', 0.235785]"
manilabulletin,2017-06-13 12:15,maute resistance dwindling no china or russia offer yet to help resolve marawi conflict  abella  genkabiling,"(['Manila', ' Philippines'], Location((14.5906216, 120.9799696, 0.0)))",en,0.070146,0.078166,0.267619,0.029398,0.01451,"['sadness', 0.267619]"
ANCALERTS,2017-06-13 12:14,dti monitored a commercial rice sold at p225kg in marawi no conclusion yet whether it is still being sold  jacquemanabat,"(['Philippines'], Location((12.7503486, 122.7312101, 0.0)))",en,0.087664,0.383237,0.218006,0.182223,0.069919,"['joy', 0.383237]"
PhilippineStar,2017-06-13 12:13,abella no direct offers from china russia to assist in marawi operations,"(['Philippines'], Location((12.7503486, 122.7312101, 0.0)))",en,0.016408,0.093185,0.030166,0.098783,0.027959,"['fear', 0.098783]"
alexisbromero,2017-06-13 12:13,abella no direct offers from china russia to assist in marawi operations philippinestar philstarnews,"(['Manila'], Location((14.5906216, 120.9799696, 0.0)))",en,0.016408,0.093185,0.030166,0.098783,0.027959,"['fear', 0.098783]"
PhilippineStar,2017-06-13 12:13,abella on afps failure to meet june 12 target to liberate marawi situation on the ground more complicated,"(['Philippines'], Location((12.7503486, 122.7312101, 0.0)))",en,0.048306,0.032954,0.386257,0.416431,0.138355,"['fear', 0.416431]"
PHLNewsOnline,2017-06-13 12:12,gma news authorities rescue five civilians trapped in maute stronghold in marawi,"(['Philippines'], Location((12.7503486, 122.7312101, 0.0)))",en,0.079811,0.147193,0.381346,0.213001,0.032284,"['sadness', 0.381346]"
PHLNewsOnline,2017-06-13 12:12,gma news militants control 20 of marawi  military officials,"(['Philippines'], Location((12.7503486, 122.7312101, 0.0)))",en,0.072407,0.120738,0.231105,0.378558,0.328455,"['fear', 0.378558]"
NCorralesINQ,2017-06-13 12:12,june 12 deadline to liberate marawi city was a working deadline but situation more complicated on the ground says abella,"(['Makati City'], Location((14.5591272, 121.0202094, 0.0)))",en,0.059724,0.047288,0.430767,0.428609,0.0757,"['sadness', 0.430767]"
dgplacido,2017-06-13 12:12,abella no direct offers from china russia to help in addressing marawi crisis abscbnnews,"(['Manila', ' Philippines'], Location((14.5906216, 120.9799696, 0.0)))",en,0.023371,0.038386,0.144725,0.309693,0.043679,"['fear', 0.309693]"
alexisbromero,2017-06-13 12:12,abella on afps failure to meet june 12 target to liberate marawi situation on the ground more complicated philippinestar philstarnews,"(['Manila'], Location((14.5906216, 120.9799696, 0.0)))",en,0.048306,0.032954,0.386257,0.416431,0.138355,"['fear', 0.416431]"
ANCALERTS,2017-06-13 12:11,abella no direct offers from china or russia to help in marawi crisis live,"(['Philippines'], Location((12.7503486, 122.7312101, 0.0)))",en,0.019885,0.08945,0.238441,0.451702,0.030455,"['fear', 0.451702]"
ABSCBNNews,2017-06-13 12:11,abella situation in marawi complex live,"(['Manila', ' Philippines'], Location((14.5906216, 120.9799696, 0.0)))",en,0.144768,0.259222,0.323841,0.285681,0.100872,"['sadness', 0.323841]"
ANCALERTS,2017-06-13 12:11,abella says maute group resistance in marawi dwindling live,"(['Philippines'], Location((12.7503486, 122.7312101, 0.0)))",en,0.099747,0.374019,0.294952,0.116941,0.108038,"['joy', 0.374019]"
gmanews,2017-06-13 12:11,abella on china russia offering help in marawi crisis there are no direct offers but were doing well  via trishamacas,"(['Philippines'], Location((12.7503486, 122.7312101, 0.0)))",en,0.022185,0.162571,0.250311,0.418775,0.055217,"['fear', 0.418775]"
trishamacas,2017-06-13 12:10,abella on china russia offering help in marawi crisis there are no direct offers but were doing well,"(['Republic of the Philippines'], Location((12.7503486, 122.7312101, 0.0)))",en,0.032532,0.140079,0.220392,0.329776,0.036975,"['fear', 0.329776]"
gmanews,2017-06-13 12:10,abella says situation in marawi city could have been worse if not for the decisive action of the military  via trishamacas,"(['Philippines'], Location((12.7503486, 122.7312101, 0.0)))",en,0.085132,0.018644,0.516101,0.37442,0.347245,"['sadness', 0.516101]"
ipcigaral,2017-06-13 12:10,abella says early action of govt forces was preemptive to capture members of maute holed up in marawi city,"(['Republic of the Philippines'], Location((12.7503486, 122.7312101, 0.0)))",en,0.185301,0.006439,0.682079,0.180522,0.223825,"['sadness', 0.682079]"
gmanews,2017-06-13 12:10,abella on marawi crisis we cannot give you absolute answers at this stage live,"(['Philippines'], Location((12.7503486, 122.7312101, 0.0)))",en,0.069832,0.144672,0.169557,0.377852,0.440039,"['disgust', 0.440039]"
trishamacas,2017-06-13 12:10,abella says situation in marawi city could have been worse if not for the decisive action of the military,"(['Republic of the Philippines'], Location((12.7503486, 122.7312101, 0.0)))",en,0.12534,0.015598,0.542691,0.327886,0.31689,"['sadness', 0.542691]"
ABSCBNNews,2017-06-13 12:09,dti officials to discuss price freeze  supply of goods in region x and marawi  via 9,"(['Manila', ' Philippines'], Location((14.5906216, 120.9799696, 0.0)))",en,0.064307,0.396853,0.245223,0.200993,0.093254,"['joy', 0.396853]"
ABSCBNNews,2017-06-13 12:08,abella civilians killed in marawi clash now at 26 enemy killed at 202 government lost 58 troops  via dgplacido marawiclash,"(['Manila', ' Philippines'], Location((14.5906216, 120.9799696, 0.0)))",en,0.421516,0.002878,0.582563,0.255487,0.089307,"['sadness', 0.582563]"
gmanews,2017-06-13 12:07,here is an update on marawi as of june 12 7 pm  via,"(['Philippines'], Location((12.7503486, 122.7312101, 0.0)))",en,0.007163,0.064742,0.279463,0.165929,0.032781,"['sadness', 0.279463]"
dgplacido,2017-06-13 12:06,abella civilians killed in marawi clash now at 26 enemy killed at 202 government lost 58 troops abscbnnews,"(['Manila', ' Philippines'], Location((14.5906216, 120.9799696, 0.0)))",en,0.499695,0.002016,0.559692,0.197225,0.078771,"['sadness', 0.559692]"
PhilippineStar,2017-06-13 12:05,marawi crisis update as of june 12 7 pm,"(['Philippines'], Location((12.7503486, 122.7312101, 0.0)))",en,0.041405,0.013796,0.249544,0.348401,0.07912,"['fear', 0.348401]"
trishamacas,2017-06-13 12:05,abella says mauteasg killed 5 civilians in marawi city,"(['Republic of the Philippines'], Location((12.7503486, 122.7312101, 0.0)))",en,0.374425,0.017899,0.52892,0.214644,0.15683,"['sadness', 0.52892]"
ipcigaral,2017-06-13 12:05,situation in marawi city,"(['Republic of the Philippines'], Location((12.7503486, 122.7312101, 0.0)))",en,0.085392,0.250539,0.403821,0.158292,0.16552,"['sadness', 0.403821]"
alexisbromero,2017-06-13 12:05,marawi crisis update as of june 12 7 pm philippinestar,"(['Manila'], Location((14.5906216, 120.9799696, 0.0)))",en,0.041405,0.013796,0.249544,0.348401,0.07912,"['fear', 0.348401]"
piaranada,2017-06-13 12:05,presidential spox abella gives marawi update 202 terrorists killed 58 soldierspolice killed in action as of june 12 7 pm rapplerdotcom,"(['Philippines'], Location((12.7503486, 122.7312101, 0.0)))",en,0.31224,0.003114,0.25604,0.369658,0.34788,"['fear', 0.369658]"
trishamacas,2017-06-13 12:04,here is an update on marawi as of june 12 7pm,"(['Republic of the Philippines'], Location((12.7503486, 122.7312101, 0.0)))",en,0.008634,0.061462,0.224029,0.089692,0.028485,"['sadness', 0.224029]"
ipcigaral,2017-06-13 12:04,situation in marawi city as of june 12,"(['Republic of the Philippines'], Location((12.7503486, 122.7312101, 0.0)))",en,0.013662,0.120637,0.367861,0.202739,0.131397,"['sadness', 0.367861]"
NCorralesINQ,2017-06-13 12:04,abella maute terrorists shot dead 5 civilians in marawi city,"(['Makati City'], Location((14.5591272, 121.0202094, 0.0)))",en,0.295614,0.01068,0.52377,0.285872,0.233481,"['sadness', 0.52377]"
inquirerdotnet,2017-06-13 12:02,look situation in marawi city as of 7 pm june 12  ncorralesinq,"(['Makati City'], Location((14.5591272, 121.0202094, 0.0)))",en,0.012516,0.119876,0.298172,0.135938,0.066746,"['sadness', 0.298172]"
NCorralesINQ,2017-06-13 12:02,look situation in marawi city as of 7 pm june 12,"(['Makati City'], Location((14.5591272, 121.0202094, 0.0)))",en,0.012516,0.119876,0.298172,0.135938,0.066746,"['sadness', 0.298172]"
PhilippineStar,2017-06-13 12:02,salalima says government to arrest individuals for cyber sedition in relation to marawi crisis,"(['Philippines'], Location((12.7503486, 122.7312101, 0.0)))",en,0.405796,0.019521,0.156489,0.196827,0.506423,"['disgust', 0.506423]"
piaranada,2017-06-13 12:02,abella 26 civilians killed by terrorists in marawi city as of june 12 7 pm rapplerdotcom,"(['Philippines'], Location((12.7503486, 122.7312101, 0.0)))",en,0.180544,0.004886,0.480555,0.452859,0.126531,"['sadness', 0.480555]"
alexisbromero,2017-06-13 12:01,salalima says government to arrest individuals for cyber sedition in relation to marawi crisis philippinestar philstarnews,"(['Manila'], Location((14.5906216, 120.9799696, 0.0)))",en,0.405796,0.019521,0.156489,0.196827,0.506423,"['disgust', 0.506423]"
T2TupasINQ,2017-06-13 12:01,supreme court honors casualties of marawi battle inquirerdotnet,"(['Makati City', ' National Capital'], Location((14.5591272, 121.0202094, 0.0)))",en,0.193081,0.336291,0.258572,0.10573,0.087866,"['joy', 0.336291]"
xalmah,2017-06-13 12:00,doesnt that ignore the lives of people who are actually stranded in marawi city again they shouldnt be presumed coddlers,"(['Philippines'], Location((12.7503486, 122.7312101, 0.0)))",en,0.281326,0.424244,0.227375,0.0892,0.12176,"['joy', 0.424244]"
Mostly01101000,2017-06-13 12:00,military knew as early as april the marawi attack plan  calida via rapplerdotcomhttp,"(['Republic of the Philippines'], Location((12.7503486, 122.7312101, 0.0)))",en,0.047916,0.042199,0.244264,0.738069,0.114714,"['fear', 0.738069]"
ANCALERTS,2017-06-13 11:58,cops civilians escape marawi battle zone after 21 days 11,"(['Philippines'], Location((12.7503486, 122.7312101, 0.0)))",en,0.217748,0.133063,0.296638,0.347469,0.113798,"['fear', 0.347469]"
maris_acel,2017-06-13 11:58,remains of marines killed in marawi arrive in manila via gmanews,"(['Republic of the Philippines'], Location((12.7503486, 122.7312101, 0.0)))",en,0.209576,0.076798,0.441253,0.264293,0.120092,"['sadness', 0.441253]"
BJ_BORJA,2017-06-13 11:57,the city of bian honors the heroes of marawi marawiheroes pray for marawi,"(['City of Bi\xc3\xb1an', ' Philippines'], Location((14.3385061, 121.0835962, 0.0)))",en,0.022952,0.70592,0.177804,0.033699,0.080595,"['joy', 0.70592]"
BJ_BORJA,2017-06-13 11:56,the city of bian enjoins the filipino nation in honoring the heroes and civilians of marawi,"(['City of Bi\xc3\xb1an', ' Philippines'], Location((14.3385061, 121.0835962, 0.0)))",en,0.070838,0.654328,0.112132,0.00467,0.082231,"['joy', 0.654328]"
ANCALERTS,2017-06-13 11:55,lagman the mere fact of raising the isis flag is not indicative of rebellion in marawi it is chief propaganda  scphpio martiallaworals,"(['Philippines'], Location((12.7503486, 122.7312101, 0.0)))",en,0.230867,0.0435,0.382999,0.12375,0.510934,"['disgust', 0.510934]"
ANCALERTS,2017-06-13 11:55,lagman mere presence of foreign soldiers in marawi assisting maute group will not constitute rebellion  via scphpio martiallaworals,"(['Philippines'], Location((12.7503486, 122.7312101, 0.0)))",en,0.015783,0.211,0.04308,0.189591,0.058123,"['joy', 0.211]"
thecorpusjuris,2017-06-13 11:54,have to disagree with this assessment it can be reasonably inferred from mautes acts that they had intention to take control of marawi,"(['Philippines'], Location((12.7503486, 122.7312101, 0.0)))",en,0.297243,0.105018,0.223209,0.114857,0.125694,"['anger', 0.297243]"
ANCALERTS,2017-06-13 11:52,j del castillo are you not worried about some foreigners assisting the marawi group  via scphpio martiallaworals,"(['Philippines'], Location((12.7503486, 122.7312101, 0.0)))",en,0.020766,0.154561,0.144881,0.042081,0.058309,"['joy', 0.154561]"
interaksyon,2017-06-13 11:52,lagman says uprising and culpable purpose of rebellion  to remove part of the country from allegiance to ph  are not present in marawi,"(['Philippines'], Location((12.7503486, 122.7312101, 0.0)))",en,0.045818,0.043233,0.14639,0.076709,0.067604,"['sadness', 0.14639]"
je_escarcha,2017-06-13 11:52,and this is just sad lots of people are killed in marawi and yet lagman still being technical on the word rebellion ,"(['Manila!!'], Location((14.5906216, 120.9799696, 0.0)))",en,0.068225,0.009386,0.830003,0.234251,0.118292,"['sadness', 0.830003]"
yrrechperz,2017-06-13 11:52,all the monkeys betting to win warriors are celebratingfudge yall of u visit marawi tooi want to kick their asses makes me beast here,"(['Philippines'], Location((12.7503486, 122.7312101, 0.0)))",en,0.436006,0.271409,0.085848,0.031582,0.349666,"['anger', 0.436006]"
LOCALNEWSNgayon,2017-06-13 11:50,authorities rescue five civilians trapped in maute stronghold in marawi  read via gma news,"(['Philippines'], Location((12.7503486, 122.7312101, 0.0)))",en,0.044559,0.211965,0.395858,0.315578,0.066754,"['sadness', 0.395858]"
LOCALNEWSNgayon,2017-06-13 11:50,militants control 20 of marawi  military officials  read via gma news,"(['Philippines'], Location((12.7503486, 122.7312101, 0.0)))",en,0.028219,0.166574,0.207527,0.426569,0.381776,"['fear', 0.426569]"
PhilippineStar,2017-06-13 11:50,lagman the mere fact of raising the isis flag is not indicative of rebellion in marawi it is chief propaganda mmlorals,"(['Philippines'], Location((12.7503486, 122.7312101, 0.0)))",en,0.230867,0.0435,0.382999,0.12375,0.510934,"['disgust', 0.510934]"
PhilippineStar,2017-06-13 11:50,lagman mere presence of foreign soldiers in marawi assisting maute group will not constitute rebellion mmlorals,"(['Philippines'], Location((12.7503486, 122.7312101, 0.0)))",en,0.021915,0.15876,0.032037,0.108348,0.033672,"['joy', 0.15876]"
PhilippineStar,2017-06-13 11:50,j del castillo are you not worried about some foreigners assisting the marawi group mmlorals,"(['Philippines'], Location((12.7503486, 122.7312101, 0.0)))",en,0.03098,0.113221,0.109143,0.020303,0.031442,"['joy', 0.113221]"
xianneangel,2017-06-13 11:49,j del castillo to lagman you think the president will cut his russia trip short if the situation in marawi werent serious,"(['Philippines'], Location((12.7503486, 122.7312101, 0.0)))",en,0.242178,0.180084,0.41474,0.179561,0.184003,"['sadness', 0.41474]"
ModernizePH,2017-06-13 11:49,look phl flag at halfstaff in honor of fallen soldiers civilians in marawi,"(['Republic of the Philippines'], Location((12.7503486, 122.7312101, 0.0)))",en,0.050039,0.357679,0.20328,0.127979,0.325647,"['joy', 0.357679]"
rapplerdotcom,2017-06-13 11:49,lagman insists isis signs in marawi just propaganda calida says otherwise says theyre setting isis province here,"(['Philippines'], Location((12.7503486, 122.7312101, 0.0)))",en,0.429681,0.026702,0.309767,0.136712,0.310051,"['anger', 0.429681]"
PIADesk,2017-06-13 11:48,all govt offices  camps are directed to put the flag in half mast in respect to those who perished in the ongoing marawi crisis,"(['Philippines'], Location((12.7503486, 122.7312101, 0.0)))",en,0.162696,0.026432,0.329736,0.24524,0.486354,"['disgust', 0.486354]"
xianneangel,2017-06-13 11:47,lagman the flying of isis flag in marawi doesnt constitute rebellion its being done a long time ago cnnphilippines,"(['Philippines'], Location((12.7503486, 122.7312101, 0.0)))",en,0.070717,0.063714,0.449344,0.102675,0.412732,"['sadness', 0.449344]"
interaksyon,2017-06-13 11:46,lagman the mere presence of foreign soldiers in marawi city assisting the maute group will not constitute rebellion,"(['Philippines'], Location((12.7503486, 122.7312101, 0.0)))",en,0.020527,0.167762,0.034239,0.100205,0.03146,"['joy', 0.167762]"
xianneangel,2017-06-13 11:46,lagman the mere presence of foreign soldiers assisting maute group in marawi doesnt constitute rebellion cnnphilippines,"(['Philippines'], Location((12.7503486, 122.7312101, 0.0)))",en,0.026956,0.208545,0.034145,0.113948,0.038996,"['joy', 0.208545]"
AminullahLucman,2017-06-13 11:46,marawi is in a state of lawlessness probably a case of vandalism not rebellion vietnamera carpet bombing decimating city unjustifiable,"(['Marawi City', ' Philippines'], Location((8.0034938, 124.286626, 0.0)))",en,0.128531,0.055892,0.459065,0.269095,0.261439,"['sadness', 0.459065]"
DailyStarPH,2017-06-13 11:45,dailystarph philippines stars and stripes over marawi  manila bulletin news ,"(['Republic of the Philippines'], Location((12.7503486, 122.7312101, 0.0)))",en,0.028383,0.385508,0.300143,0.075277,0.120745,"['joy', 0.385508]"
sabinijo,2017-06-13 11:44,waiting for wandas solution to combat the tourism decline over marawi,"(['Philippines'], Location((12.7503486, 122.7312101, 0.0)))",en,0.131384,0.351838,0.195066,0.078018,0.023749,"['joy', 0.351838]"
DakieMomo29,2017-06-13 11:40,this is the reason why i really idolized ms angel locsin even though that marawi has been declared as main,"(['Marawi City'], Location((8.0034938, 124.286626, 0.0)))",en,0.018318,0.354847,0.418366,0.231181,0.032951,"['sadness', 0.418366]"
SalmanRanaw,2017-06-13 11:40,aerial view of marawi,"(['Marawi City'], Location((8.0034938, 124.286626, 0.0)))",en,0.025235,0.496716,0.052213,0.029405,0.058981,"['joy', 0.496716]"
phoenixgold0224,2017-06-13 11:39,marawi attackers scorn peace corridors army,"(['Quezon City', ' Philippines'], Location((14.6509905, 121.0486155, 0.0)))",en,0.095091,0.57803,0.105345,0.088844,0.036761,"['joy', 0.57803]"
ANCALERTS,2017-06-13 11:39,lagman says he has not personally gone to marawi j del castillo how can you thus dispute the findings of sufficiency of ml declaration,"(['Philippines'], Location((12.7503486, 122.7312101, 0.0)))",en,0.370758,0.146088,0.148179,0.070893,0.091651,"['anger', 0.370758]"
T2TupasINQ,2017-06-13 11:37,aj del castillo how can you dispute the situation in marawi you do not know the situation on the ground inquirerdotnet,"(['Makati City', ' National Capital'], Location((14.5591272, 121.0202094, 0.0)))",en,0.508767,0.165536,0.161999,0.085204,0.148774,"['anger', 0.508767]"
PhilippineStar,2017-06-13 11:36,lagman says he has not personally gone to marawi j del castillo how can you thus dispute the findings of sufficiency of ml declaration,"(['Philippines'], Location((12.7503486, 122.7312101, 0.0)))",en,0.370758,0.146088,0.148179,0.070893,0.091651,"['anger', 0.370758]"
PhilDefNews,2017-06-13 11:33,marawi city crisis  day twenty,"(['Manila', ' Philippines'], Location((14.5906216, 120.9799696, 0.0)))",en,0.075912,0.020509,0.095223,0.386891,0.166007,"['fear', 0.386891]"
Noel_Dolor,2017-06-13 11:30,bazoom1 ericarreza mirasga edoyarrieta75 teddybird let us salute secjudy  dswd 4 their invaluable deeds in helping marawi rise again,"(['Makati', ' PHL'], Location((14.55459465, 121.021407905, 0.0)))",en,0.291256,0.245253,0.121353,0.083477,0.102986,"['anger', 0.291256]"
PHHotTrends,2017-06-13 11:30,independence rallies hit terrorism us involvement in marawi marawiupdates,"(['Manila City'], Location((14.5906216, 120.9799696, 0.0)))",en,0.098686,0.023245,0.189284,0.542906,0.360814,"['fear', 0.542906]"
du_layshe,2017-06-13 11:30,watched news yesterdayi had goosebumps and i dont know i felt like crying while they sang lupang hinirang in marawi city,"(['Republic of the Philippines'], Location((12.7503486, 122.7312101, 0.0)))",en,0.025255,0.077812,0.795359,0.090901,0.167854,"['sadness', 0.795359]"
DanSantos8,2017-06-13 11:30,pray for marawi peacepleasehttps,"(['Republic of the Philippines'], Location((12.7503486, 122.7312101, 0.0)))",en,0.033806,0.026312,0.415428,0.589497,0.154411,"['fear', 0.589497]"
LOCALNEWSNgayon,2017-06-13 11:25,lanao del sur govs ancestral home bombed in marawi  read via gma news,"(['Philippines'], Location((12.7503486, 122.7312101, 0.0)))",en,0.044952,0.135314,0.338775,0.484229,0.285165,"['fear', 0.484229]"
girliemaejunsay,2017-06-13 11:25,june 17  join us to help marawi siege,"(['City of Tagum', ' Davao Region'], Location((7.4468904, 125.8095771, 0.0)))",en,0.005256,0.360852,0.06093,0.080247,0.011645,"['joy', 0.360852]"
xianneangel,2017-06-13 11:24,lagman quoting defense officials before ml declaration on may 23 saying afp was in control of situation in marawi cnnphilippines,"(['Philippines'], Location((12.7503486, 122.7312101, 0.0)))",en,0.0775,0.162246,0.287289,0.313467,0.267158,"['fear', 0.313467]"
gogreenr12,2017-06-13 11:24,operations in marawi all filipino  westmincom chief by gogreenr12,"(['Philippines'], Location((12.7503486, 122.7312101, 0.0)))",en,0.195546,0.082395,0.08902,0.296848,0.137602,"['fear', 0.296848]"
T2TupasINQ,2017-06-13 11:23,cong lagman gave a rundown of govt authorities pronouncement that military in control of marawi b4 pres duterte issued ml inquirerdotnet,"(['Makati City', ' National Capital'], Location((14.5591272, 121.0202094, 0.0)))",en,0.095548,0.035066,0.528347,0.115377,0.069833,"['sadness', 0.528347]"
DZMMTeleRadyo,2017-06-13 11:23,manuel petitioners do not intend to dilute violence in marawi but asserts no need for suspension of writ of habeas corpus and of ml,"(['ABS-CBN', ' Diliman', ' Quezon City'], Location((11.5874907, 122.7520466, 0.0)))",en,0.140482,0.044097,0.186927,0.044491,0.1213,"['sadness', 0.186927]"
Manay_Judy,2017-06-13 11:22,our staff from the dswd field office 10  12 are working overtime to help evacuees from marawi some of them have families from marawi too,"(['Republic of the Philippines'], Location((12.7503486, 122.7312101, 0.0)))",en,0.055654,0.393427,0.299381,0.056964,0.051676,"['joy', 0.393427]"
rapplerdotcom,2017-06-13 11:22,lagman military officials said that the military was in full control of the marawi situation martiallaw live,"(['Philippines'], Location((12.7503486, 122.7312101, 0.0)))",en,0.051954,0.181132,0.285711,0.363906,0.308432,"['fear', 0.363906]"
ANCALERTS,2017-06-13 11:22,manuel petitioners do not intend to dilute violence in marawi but asserts no need for suspension of writ of habeas corpus and of ml,"(['Philippines'], Location((12.7503486, 122.7312101, 0.0)))",en,0.140482,0.044097,0.186927,0.044491,0.1213,"['sadness', 0.186927]"
PhilippineStar,2017-06-13 11:22,manuel petitioners do not intend to dilute violence in marawi but asserts no need for suspension of writ of hc and dec of ml mmlorals,"(['Philippines'], Location((12.7503486, 122.7312101, 0.0)))",en,0.127261,0.058038,0.178904,0.052037,0.112576,"['sadness', 0.178904]"
rapplerdotcom,2017-06-13 11:22,calida reveals the govt knew maute had been planning to attack marawi to establish an isis province in mindanao,"(['Philippines'], Location((12.7503486, 122.7312101, 0.0)))",en,0.181284,0.005482,0.577639,0.321918,0.116186,"['sadness', 0.577639]"
rapplerdotcom,2017-06-13 11:21,lagman acc to military officials situation in marawi was under control shortly before martiallaw was issued,"(['Philippines'], Location((12.7503486, 122.7312101, 0.0)))",en,0.083811,0.041861,0.24539,0.260216,0.193851,"['fear', 0.260216]"
Manay_Judy,2017-06-13 11:21,we help our own many staff from dswd field offices 10are affected by the clashes in marawi here are some of fo10 staff receiving aid,"(['Republic of the Philippines'], Location((12.7503486, 122.7312101, 0.0)))",en,0.078388,0.078224,0.530546,0.040937,0.110332,"['sadness', 0.530546]"
PhilippineStar,2017-06-13 11:21,yambot assuming wo conceding violence in marawi amounts to rebellion it has not reached level requiring public safety to declare ml,"(['Philippines'], Location((12.7503486, 122.7312101, 0.0)))",en,0.11824,0.026127,0.388404,0.199463,0.080977,"['sadness', 0.388404]"
DZMMTeleRadyo,2017-06-13 11:20,yambot other than maute atrocities in marawi proclamation failed to show same incidents are present in other areas in mindanao  scphpio,"(['ABS-CBN', ' Diliman', ' Quezon City'], Location((11.5874907, 122.7520466, 0.0)))",en,0.252335,0.024117,0.428488,0.124128,0.280083,"['sadness', 0.428488]"
PhilippineStar,2017-06-13 11:20,yambot other than the maute atrocities in marawithe proclamation failed to show that same incidents are present in other areas in mindanao,"(['Philippines'], Location((12.7503486, 122.7312101, 0.0)))",en,0.252335,0.024117,0.428488,0.124128,0.280083,"['sadness', 0.428488]"
DZMMTeleRadyo,2017-06-13 11:20,atty maria cristina yambot alleged incidents in report fail to allege and show rebellion in marawi and the rest of mindanao  scphpio,"(['ABS-CBN', ' Diliman', ' Quezon City'], Location((11.5874907, 122.7520466, 0.0)))",en,0.175478,0.015398,0.435712,0.101144,0.20252,"['sadness', 0.435712]"
PhilippineStar,2017-06-13 11:20,yambot alleged incidents in report fail to allege and show rebellion in marawi and the rest of mindanao region mmlorals,"(['Philippines'], Location((12.7503486, 122.7312101, 0.0)))",en,0.163345,0.01,0.463647,0.114009,0.193013,"['sadness', 0.463647]"
PhilippineStar,2017-06-13 11:20,lagman the alleged siege in marawi is a resistance move of maute not an attempt to remove its allegiance from the govt  mmlorals,"(['Philippines'], Location((12.7503486, 122.7312101, 0.0)))",en,0.141469,0.034996,0.572876,0.098601,0.101548,"['sadness', 0.572876]"
PhilippineStar,2017-06-13 11:20,lagman rebellion has a culpable purpose such is utterly absent in the rebelliion in marawi and elsewhere in mindanao mmlorals,"(['Philippines'], Location((12.7503486, 122.7312101, 0.0)))",en,0.078629,0.246329,0.150945,0.076181,0.324062,"['disgust', 0.324062]"
PHHotTrends,2017-06-13 11:15,independence rallies hit terrorism us involvement in marawi marawiupdateshttpsc,"(['Manila City'], Location((14.5906216, 120.9799696, 0.0)))",en,0.098686,0.023245,0.189284,0.542906,0.360814,"['fear', 0.542906]"
CebuInfocen,2017-06-13 11:15,read  cebu city hall accepts donations for marawi,"(['Gorordo Ave.', ' Cebu City'], Location((10.3118269, 123.9034544, 0.0)))",en,0.071943,0.437267,0.154028,0.055565,0.155223,"['joy', 0.437267]"
PTVph,2017-06-13 11:15,news legarda pays homage to fallen government troops in marawi siege,"(['Philippines'], Location((12.7503486, 122.7312101, 0.0)))",en,0.178156,0.034237,0.435741,0.206338,0.25911,"['sadness', 0.435741]"
manilabulletin,2017-06-13 11:13,independence day rites pay tribute to heroes of marawi  read befullyinformed,"(['Manila', ' Philippines'], Location((14.5906216, 120.9799696, 0.0)))",en,0.048364,0.627329,0.205495,0.020951,0.112268,"['joy', 0.627329]"
PIAalerts,2017-06-13 11:13,pia12koronadal city profiling of the evacuees from marawi city by the pnp in south cotabato has continued,"(['Philippines'], Location((12.7503486, 122.7312101, 0.0)))",en,0.047045,0.421358,0.414502,0.017191,0.107235,"['joy', 0.421358]"
interaksyon,2017-06-13 11:13,manuel petitioners do not intend to dilute violence in marawi but asserts no need for suspension of writ of hc and dec of ml mmlorals,"(['Philippines'], Location((12.7503486, 122.7312101, 0.0)))",en,0.127261,0.058038,0.178904,0.052037,0.112576,"['sadness', 0.178904]"
PhilstarNews,2017-06-13 11:11,independence rallies hit terrorism us involvement in marawi marawiupdates c,"(['Manila', ' Philippines'], Location((14.5906216, 120.9799696, 0.0)))",en,0.098686,0.023245,0.189284,0.542906,0.360814,"['fear', 0.542906]"
LOCALNEWSNgayon,2017-06-13 11:11,islamic state praises jihadist attacks in marawi iran  read via gma news,"(['Philippines'], Location((12.7503486, 122.7312101, 0.0)))",en,0.028576,0.056439,0.326837,0.332777,0.523005,"['disgust', 0.523005]"
lianbuan,2017-06-13 11:11,marlon manuel from alg is for marawi petitioners group his cocounsel constitutionalist christian monsod is out of country rapplerdotcom,"(['Manila'], Location((14.5906216, 120.9799696, 0.0)))",en,0.128245,0.273348,0.215829,0.06074,0.208102,"['joy', 0.273348]"
SunStarDavao,2017-06-13 11:11,sunstarnews defense secretary delfin lorenzana said since the deadline of liberation of marawi was not pushed on,"(['Davao City', ' Davao Region'], Location((7.22650725, 125.454887691, 0.0)))",en,0.104989,0.021459,0.595005,0.278642,0.192224,"['sadness', 0.595005]"
vinzpetjames,2017-06-13 11:10,wow ang gown ni vice pray for marawi maywardgracesonemegaballhttps,"(['Republic of the Philippines'], Location((12.7503486, 122.7312101, 0.0)))",en,0.057654,0.261152,0.306326,0.200782,0.15876,"['sadness', 0.306326]"
PHLNewsOnline,2017-06-13 11:10,gma news lanao del sur govs ancestral home bombed in marawi,"(['Philippines'], Location((12.7503486, 122.7312101, 0.0)))",en,0.117318,0.085418,0.423106,0.468507,0.214861,"['fear', 0.468507]"
PHLNewsOnline,2017-06-13 11:10,gma news islamic state praises jihadist attacks in marawi iran,"(['Philippines'], Location((12.7503486, 122.7312101, 0.0)))",en,0.053596,0.038826,0.356871,0.281447,0.462063,"['disgust', 0.462063]"
thejohnhendrix,2017-06-13 11:09,govt saying it had intelligence on marawi attack beforehand is like saying you knew the right answers before failing an exam,"(['Quezon City'], Location((14.6509905, 121.0486155, 0.0)))",en,0.24405,0.008559,0.581493,0.417384,0.086801,"['sadness', 0.581493]"
iamitch612,2017-06-13 11:03,neyshen fellows after our pahavs our marawi brothers and sisters nmn,"(['Metro Manila', ' Quezon City'], Location((14.5736108, 121.0329706, 0.0)))",en,0.182944,0.379989,0.115508,0.073776,0.207682,"['joy', 0.379989]"
News5AKSYON,2017-06-13 11:01,lagman the conflict in marawi was government initiated  via jvarcena,"(['Philippines'], Location((12.7503486, 122.7312101, 0.0)))",en,0.140329,0.07799,0.459035,0.203347,0.184052,"['sadness', 0.459035]"
xianneangel,2017-06-13 11:00,lagman defense military officials have admitted the armed conflict in marawi was initiated by govt cnnphilippines,"(['Philippines'], Location((12.7503486, 122.7312101, 0.0)))",en,0.068599,0.014659,0.586718,0.323423,0.318649,"['sadness', 0.586718]"
ANCALERTS,2017-06-13 11:00,lagman defense and military officials have admitted that the armed conflict in marawi was govt initiated martiallaworals marawiclash,"(['Philippines'], Location((12.7503486, 122.7312101, 0.0)))",en,0.068599,0.014659,0.586718,0.323423,0.318649,"['sadness', 0.586718]"
DZMMTeleRadyo,2017-06-13 11:00,lagman the alleged siege in marawi is a resistance move of maute not an attempt to remove its allegiance from the govt  via scphpio,"(['ABS-CBN', ' Diliman', ' Quezon City'], Location((11.5874907, 122.7520466, 0.0)))",en,0.099164,0.045244,0.628299,0.136941,0.135646,"['sadness', 0.628299]"
DZMMTeleRadyo,2017-06-13 11:00,lagman rebellion has a culpable purpose such is utterly absent in the rebellion in marawi and elsewhere in mindanao  scphpio,"(['ABS-CBN', ' Diliman', ' Quezon City'], Location((11.5874907, 122.7520466, 0.0)))",en,0.078629,0.246329,0.150945,0.076181,0.324062,"['disgust', 0.324062]"
ModernizePH,2017-06-13 11:00,marawi mom blames maute group after son dies of meningitis,"(['Republic of the Philippines'], Location((12.7503486, 122.7312101, 0.0)))",en,0.225768,0.01928,0.793931,0.115317,0.11892,"['sadness', 0.793931]"
rapplerdotcom,2017-06-13 10:59,lagman siege in marawi is a resistance move of maute not attempt to remove allegiance from the govt live,"(['Philippines'], Location((12.7503486, 122.7312101, 0.0)))",en,0.127134,0.045263,0.673025,0.102188,0.101203,"['sadness', 0.673025]"
interaksyon,2017-06-13 10:59,lagman there is no actual rebellion in marawi city and elsewhere in mindanao,"(['Philippines'], Location((12.7503486, 122.7312101, 0.0)))",en,0.076038,0.195016,0.164519,0.076993,0.059763,"['joy', 0.195016]"
interaksyon,2017-06-13 10:58,lagman the conflict in marawi was government initiated,"(['Philippines'], Location((12.7503486, 122.7312101, 0.0)))",en,0.230255,0.052358,0.384452,0.112719,0.127892,"['sadness', 0.384452]"
rapplerdotcom,2017-06-13 10:58,lagman officials have said the current armed conflict in marawi was government initiated martiallaw orals live,"(['Philippines'], Location((12.7503486, 122.7312101, 0.0)))",en,0.143766,0.091615,0.25029,0.3639,0.293811,"['fear', 0.3639]"
PTVph,2017-06-13 10:57,look thick black smoke seen from center of marawi city  via u,"(['Philippines'], Location((12.7503486, 122.7312101, 0.0)))",en,0.077981,0.180388,0.185089,0.169549,0.363676,"['disgust', 0.363676]"
rapplerdotcom,2017-06-13 10:56,afp other govt agencies flying flag at halfmast as a symbol of respect and mourning for men who died in marawi city  darren langit ,"(['Philippines'], Location((12.7503486, 122.7312101, 0.0)))",en,0.098932,0.028031,0.77128,0.074524,0.248491,"['sadness', 0.77128]"
DeisyRabe,2017-06-13 10:56,mindanao state universitymarawi city the melting pot of the south a city within a city the home of msuans,"(['Pantukan', ' Davao Region'], Location((7.1314541, 125.8972998, 0.0)))",en,0.019877,0.315826,0.245084,0.082812,0.051683,"['joy', 0.315826]"
ABSCBNNews,2017-06-13 10:55,cops civilians escape marawi battle zone after 21 days marawiclash,"(['Manila', ' Philippines'], Location((14.5906216, 120.9799696, 0.0)))",en,0.217748,0.133063,0.296638,0.347469,0.113798,"['fear', 0.347469]"
ANCALERTS,2017-06-13 10:55,cops civilians escape marawi battle zone after 21 days 11 marawiclash,"(['Philippines'], Location((12.7503486, 122.7312101, 0.0)))",en,0.217748,0.133063,0.296638,0.347469,0.113798,"['fear', 0.347469]"
jervismanahan,2017-06-13 10:54,thick black smoke seen from center of marawi city,"(['Manila', ' Philippines'], Location((14.5906216, 120.9799696, 0.0)))",en,0.166269,0.105616,0.179457,0.13415,0.335639,"['disgust', 0.335639]"
PTVph,2017-06-13 10:54,just in maute group killed five civilians afp troops rescue five others in marawi city  via c,"(['Philippines'], Location((12.7503486, 122.7312101, 0.0)))",en,0.237561,0.1805,0.313859,0.254142,0.071956,"['sadness', 0.313859]"
jervismanahan,2017-06-13 10:52,maute group killed five civilians afp troops rescue five others in marawi city ptvph,"(['Manila', ' Philippines'], Location((14.5906216, 120.9799696, 0.0)))",en,0.324924,0.150046,0.279975,0.188443,0.051222,"['anger', 0.324924]"
jojorinoza,2017-06-13 10:52,independence day rites pay tribute to heroes of marawi c,"(['manila'], Location((14.5906216, 120.9799696, 0.0)))",en,0.063412,0.600153,0.221004,0.016619,0.085929,"['joy', 0.600153]"
radikalchick,2017-06-13 10:47,martiallaw oral arguments at the supremecourt listen marawi mindanao duterte,"(['Philippines'], Location((12.7503486, 122.7312101, 0.0)))",en,0.472266,0.36062,0.198939,0.030997,0.033067,"['anger', 0.472266]"
PHHotTrends,2017-06-13 10:47,marawi crisis wont delay bbl  dureza marawiupdates bblhttps,"(['Manila City'], Location((14.5906216, 120.9799696, 0.0)))",en,0.115432,0.009369,0.19774,0.615588,0.299511,"['fear', 0.615588]"
gmanews,2017-06-13 10:46,look flag at the new executive building in malacaang at halfmast to mourn  honor those who died in marawi  via,"(['Philippines'], Location((12.7503486, 122.7312101, 0.0)))",en,0.01051,0.251971,0.586954,0.112615,0.15282,"['sadness', 0.586954]"
Lynzhiee07,2017-06-13 10:45,wow  vicegandako pray for marawi,"(['Republic of the Philippines'], Location((12.7503486, 122.7312101, 0.0)))",en,0.021403,0.248047,0.392694,0.312103,0.225572,"['sadness', 0.392694]"
inquirerdotnet,2017-06-13 10:44,afp task force marawi on june 12 mauteasg shot dead 5 civilians captured 8 new hostages troops rescued another 8  nikkodizoninq,"(['Makati City'], Location((14.5591272, 121.0202094, 0.0)))",en,0.155919,0.042905,0.392164,0.536489,0.151775,"['fear', 0.536489]"
kenshingurl2,2017-06-13 10:44,day 20 of coherent heart for marawi philippines thank you to the collective i really feel the connection to all in d sacred space love,"(['Philippines'], Location((12.7503486, 122.7312101, 0.0)))",en,0.00501,0.888237,0.06896,0.014667,0.00706,"['joy', 0.888237]"
thinkingmadeez,2017-06-13 10:42,our deepest condolences to our brave soldiers who died in marawi thank you for your bravery marawisiege,"(['Manila', ' Philippines'], Location((14.5906216, 120.9799696, 0.0)))",en,0.005927,0.261963,0.729351,0.029913,0.007768,"['sadness', 0.729351]"
gmanews,2017-06-13 10:41,mother who recently had miscarriage loses husband to marawi conflict,"(['Philippines'], Location((12.7503486, 122.7312101, 0.0)))",en,0.239787,0.023857,0.763246,0.10513,0.135837,"['sadness', 0.763246]"
manilabulletin,2017-06-13 10:40,over 60 cops missing in marawi crisis  read befullyinformed,"(['Manila', ' Philippines'], Location((14.5906216, 120.9799696, 0.0)))",en,0.079441,0.003816,0.449267,0.548545,0.281169,"['fear', 0.548545]"
deanjorgebocobo,2017-06-13 10:40,du30 has made callous remarks about collateraldamage in re marawi and war on drugs,"(['Philippines'], Location((12.7503486, 122.7312101, 0.0)))",en,0.38057,0.037637,0.272134,0.230075,0.425445,"['disgust', 0.425445]"
phnews24x7,2017-06-13 10:38,look phl flag sc colors at halfstaff in honor of fallen soldiers civilians in marawi ,"(['Philippines'], Location((12.7503486, 122.7312101, 0.0)))",en,0.023876,0.124608,0.054462,0.092266,0.113936,"['joy', 0.124608]"
PIA_Region_5,2017-06-13 10:37,pia  president duterte honors soldiers killed in marawi siege,"(['Legazpi City', ' Bicol Region'], Location((13.1516322, 123.7520096, 0.0)))",en,0.139453,0.051302,0.074437,0.068527,0.166556,"['disgust', 0.166556]"
nerowattz,2017-06-13 10:36,supreme court honors casualties of marawi battle inquirermobilehttp,"(['Makati City'], Location((14.5591272, 121.0202094, 0.0)))",en,0.193081,0.336291,0.258572,0.10573,0.087866,"['joy', 0.336291]"
bernardfdy,2017-06-13 10:35,interviewing our 2 muslim teachers from marawi city their houses were damaged by the siege and,"(['Philippines'], Location((12.7503486, 122.7312101, 0.0)))",en,0.19541,0.182906,0.157079,0.216374,0.518802,"['disgust', 0.518802]"
JDMujahid,2017-06-13 10:35,you must read for those people who are hypocrite about making a joke of muslim who saves christians in marawi ,"(['Zamboanga City'], Location((6.9046004, 122.0763695, 0.0)))",en,0.27487,0.192422,0.085994,0.046165,0.632178,"['disgust', 0.632178]"
donnamariaruth,2017-06-13 10:32,those who are lambasting duterte what have you to offer to resolve the marawi problem the drug menace,"(['Philippines'], Location((12.7503486, 122.7312101, 0.0)))",en,0.189888,0.007324,0.627619,0.097749,0.054566,"['sadness', 0.627619]"
ModernizePH,2017-06-13 10:30,blasts rock besieged marawi as ph marks independence day,"(['Republic of the Philippines'], Location((12.7503486, 122.7312101, 0.0)))",en,0.043106,0.756614,0.035943,0.050613,0.014578,"['joy', 0.756614]"
ANCALERTS,2017-06-13 10:29,afp spokesperson bgen restituto padilla clarifies issues on the technical assistance the us provides to marawi in this,"(['Philippines'], Location((12.7503486, 122.7312101, 0.0)))",en,0.008713,0.052356,0.031886,0.008028,0.069319,"['disgust', 0.069319]"
teddycasino,2017-06-13 10:27,on my way to marawi to join this humanitarian and relief mission for civilians displaced by the fighting,"(['Philippines'], Location((12.7503486, 122.7312101, 0.0)))",en,0.061487,0.405862,0.055605,0.134546,0.021601,"['joy', 0.405862]"
CamilleElemia,2017-06-13 10:21,trapped marawi residents dying of hunger via rapplerdotcomhttpu,"(['Manila', ' Philippines'], Location((14.5906216, 120.9799696, 0.0)))",en,0.061561,0.030578,0.713741,0.24303,0.18993,"['sadness', 0.713741]"
momblogger,2017-06-13 10:20,where could they be  over 60 cops missing in marawi crisis,"(['Makati City', ' Philippines'], Location((14.5591272, 121.0202094, 0.0)))",en,0.082666,0.002936,0.493145,0.569614,0.193529,"['fear', 0.569614]"
ANCALERTS,2017-06-13 10:20,padilla isnilon hapilon some foreign fighters still in area of marawi,"(['Philippines'], Location((12.7503486, 122.7312101, 0.0)))",en,0.093977,0.040899,0.303379,0.171709,0.133755,"['sadness', 0.303379]"
interaksyon,2017-06-13 10:20,rep edcel lagman one of the petitioners vs martial law there is no rebellion in marawi  jvarcena,"(['Philippines'], Location((12.7503486, 122.7312101, 0.0)))",en,0.107039,0.186307,0.502326,0.064338,0.053229,"['sadness', 0.502326]"
PHINewsNet2,2017-06-13 10:20,according to westmincom chief the americans are limited to giving technical assistance in marawi marawiclashhttp,"(['Republic of the Philippines'], Location((12.7503486, 122.7312101, 0.0)))",en,0.03349,0.115347,0.049635,0.041042,0.235473,"['disgust', 0.235473]"
pnagovph,2017-06-13 10:19,flags in all courts in halfmast to honor fallen troops in marawi  sc  scphpio lloydcaliwan ,"(['Quezon City'], Location((14.6509905, 121.0486155, 0.0)))",en,0.039658,0.109484,0.064806,0.041987,0.252366,"['disgust', 0.252366]"
ANCALERTS,2017-06-13 10:18,padilla no set time for end to marawi crisis,"(['Philippines'], Location((12.7503486, 122.7312101, 0.0)))",en,0.131495,0.014893,0.306092,0.59804,0.240613,"['fear', 0.59804]"
jv_arcena,2017-06-13 10:18,rep edcel lagman one of the petitioners vs martial law there is no rebellion in marawi,"(['PH'], Location((12.44249325, 122.160395164, 0.0)))",en,0.107039,0.186307,0.502326,0.064338,0.053229,"['sadness', 0.502326]"
ANCALERTS,2017-06-13 10:17,padilla afp has always had us support in mindanaonot just for marawiunder mutual defense treaty,"(['Philippines'], Location((12.7503486, 122.7312101, 0.0)))",en,0.067646,0.081472,0.411562,0.088103,0.229506,"['sadness', 0.411562]"
nfairview1997,2017-06-13 10:17,flag at halfmast as nation mourns marawi city heroes and victims,"(['Quezon City', ' Philippines'], Location((14.6509905, 121.0486155, 0.0)))",en,0.072804,0.094487,0.610202,0.005382,0.39796,"['sadness', 0.610202]"
egdsgn,2017-06-13 10:16,phl flag hoisted in marawicity,"(['Davao City', ' Davao Region'], Location((7.22650725, 125.454887691, 0.0)))",en,0.057714,0.099246,0.135627,0.066427,0.587188,"['disgust', 0.587188]"
PHINewsNet2,2017-06-13 10:15,here is the complete list of the 58 soldiers and police who died fighting for marawi city,"(['Republic of the Philippines'], Location((12.7503486, 122.7312101, 0.0)))",en,0.148885,0.009335,0.54829,0.42757,0.222543,"['sadness', 0.54829]"
lou_mhel,2017-06-13 10:15,our deepest sympathies and honor to our forces who sacrifices their life in marawi crisis we salute you and you deserve to be praise,"(['Republic of the Philippines'], Location((12.7503486, 122.7312101, 0.0)))",en,0.033418,0.144996,0.679058,0.009819,0.284286,"['sadness', 0.679058]"
roymarkcorrales,2017-06-13 10:14,last night a dearest friend ate neneth shared her sentiment about siege of marawi city and,"(['Philippines'], Location((12.7503486, 122.7312101, 0.0)))",en,0.17726,0.506686,0.285219,0.04412,0.033956,"['joy', 0.506686]"
DailyStarPH,2017-06-13 10:14,dailystarph philippines over 60 cops missing in marawi crisis  manila bulletin news ,"(['Republic of the Philippines'], Location((12.7503486, 122.7312101, 0.0)))",en,0.076574,0.00289,0.521573,0.485556,0.271251,"['sadness', 0.521573]"
ANCALERTS,2017-06-13 10:13,padilla same assistance was requested by ground commanders in marawi,"(['Philippines'], Location((12.7503486, 122.7312101, 0.0)))",en,0.021982,0.065211,0.082177,0.009015,0.041434,"['sadness', 0.082177]"
egdsgn,2017-06-13 10:11,remains of 8 soldiers killed in marawi clash brought to marines hq intaguig,"(['Davao City', ' Davao Region'], Location((7.22650725, 125.454887691, 0.0)))",en,0.281522,0.095702,0.425216,0.272023,0.153489,"['sadness', 0.425216]"
egdsgn,2017-06-13 10:11,us forces aid afp to fight maute inmarawi,"(['Davao City', ' Davao Region'], Location((7.22650725, 125.454887691, 0.0)))",en,0.199391,0.029238,0.275346,0.448622,0.359763,"['fear', 0.448622]"
gmanews,2017-06-13 10:11,look phl flag sc colors at halfstaff in honor of fallen soldiers civilians in marawi 2,"(['Philippines'], Location((12.7503486, 122.7312101, 0.0)))",en,0.023876,0.124608,0.054462,0.092266,0.113936,"['joy', 0.124608]"
LOCALNEWSNgayon,2017-06-13 10:10,5 cops trapped in marawi clash rescued  read via gma news,"(['Philippines'], Location((12.7503486, 122.7312101, 0.0)))",en,0.064139,0.068775,0.520113,0.310909,0.297025,"['sadness', 0.520113]"
LOCALNEWSNgayon,2017-06-13 10:10,look phl flag sc colors at halfstaff in honor of fallen soldiers civilians in marawi  read via gma news,"(['Philippines'], Location((12.7503486, 122.7312101, 0.0)))",en,0.017142,0.208391,0.128019,0.224846,0.298381,"['disgust', 0.298381]"
phnews24x7,2017-06-13 10:08,5 cops trapped in marawi clash rescued ,"(['Philippines'], Location((12.7503486, 122.7312101, 0.0)))",en,0.129258,0.04354,0.476329,0.222609,0.168626,"['sadness', 0.476329]"
ABSCBNNews,2017-06-13 10:05,marawi attackers scorn peace corridors army d,"(['Manila', ' Philippines'], Location((14.5906216, 120.9799696, 0.0)))",en,0.095091,0.57803,0.105345,0.088844,0.036761,"['joy', 0.57803]"
PHINewsNet2,2017-06-13 10:03,marawi rehabilitation could stretch beyond 2022  via bworldphs mindanao bureauhttp,"(['Republic of the Philippines'], Location((12.7503486, 122.7312101, 0.0)))",en,0.031972,0.438779,0.112835,0.208515,0.264575,"['joy', 0.438779]"
News5AKSYON,2017-06-13 10:02,ph flags court colors nationwide flown at halfstaff from june 1316 in honor of fallen soldiers in marawi  via jvarcenapic,"(['Philippines'], Location((12.7503486, 122.7312101, 0.0)))",en,0.014279,0.067064,0.104171,0.329702,0.273335,"['fear', 0.329702]"
IAGorgph,2017-06-13 10:01,prof ramon casiple shares his thoughts on marawi crisis mindanao peace process and the federalism drive,"(['Cotabato City'], Location((7.1970344, 124.2351714, 0.0)))",en,0.088841,0.374204,0.204501,0.232586,0.030228,"['joy', 0.374204]"
PHINewsNet2,2017-06-13 10:01,marawi rehab could stretch beyond 2022,"(['Republic of the Philippines'], Location((12.7503486, 122.7312101, 0.0)))",en,0.061273,0.431594,0.097858,0.143211,0.221626,"['joy', 0.431594]"
interaksyon,2017-06-13 10:00,5 police officers and 5 other civilians trapped in marawi were rescued today  via,"(['Philippines'], Location((12.7503486, 122.7312101, 0.0)))",en,0.112847,0.059066,0.413629,0.368018,0.262451,"['sadness', 0.413629]"
TempoPHL,2017-06-13 10:00,ph flag raised in marawicity,"(['Intramuros', ' Philippines'], Location((14.5905862, 120.97533, 0.0)))",en,0.031552,0.039902,0.059221,0.023244,0.243582,"['disgust', 0.243582]"
ttlingen,2017-06-13 9:51,again he was not marawi that day because there have been official posts he was cdo  villamor look my tweets and you know i can read you,"(['Camiguin'], Location((9.166667, 124.75, 0.0)))",en,0.041381,0.563887,0.100989,0.080495,0.282342,"['joy', 0.563887]"
PHHotTrends,2017-06-13 9:50,watch names of fallen soldiers cops of marawi city displayed in touching tribute marawiupdates,"(['Manila City'], Location((14.5906216, 120.9799696, 0.0)))",en,0.09655,0.058899,0.245774,0.219471,0.45291,"['disgust', 0.45291]"
News5AKSYON,2017-06-13 9:48,5 police officer and 5 other civilians trapped in marawi were rescued today  via,"(['Philippines'], Location((12.7503486, 122.7312101, 0.0)))",en,0.112847,0.059066,0.413629,0.368018,0.262451,"['sadness', 0.413629]"
Visayanbizpost,2017-06-13 9:47,more than 700 teachers still unaccounted for in marawi ,"(['Ormoc', ' Philippines'], Location((11.0094099, 124.6075767, 0.0)))",en,0.329075,0.245664,0.142795,0.12722,0.211762,"['anger', 0.329075]"
Visayanbizpost,2017-06-13 9:47,independence day rites pay tribute to heroes of marawi  manila bulletin c,"(['Ormoc', ' Philippines'], Location((11.0094099, 124.6075767, 0.0)))",en,0.05686,0.602241,0.226352,0.016171,0.078439,"['joy', 0.602241]"
JPValdez2015,2017-06-13 9:40,malaya headlines tuesday  june 13 day of silence prayer for marawi heroes duterte skips independence day,"(['Isabela', ' Philippines'], Location((17.0, 122.0, 0.0)))",en,0.010055,0.548172,0.309627,0.164669,0.017245,"['joy', 0.548172]"
buwayahman,2017-06-13 9:36,independence day is over but marawi siege continues failedpromiseagain,"(['Philippines'], Location((12.7503486, 122.7312101, 0.0)))",en,0.072852,0.53901,0.172696,0.04451,0.075285,"['joy', 0.53901]"
mariaressa,2017-06-13 9:35,watch pba honors fallen marawi heroes on independence day  via,"(['Philippines'], Location((12.7503486, 122.7312101, 0.0)))",en,0.019636,0.754896,0.134347,0.047235,0.06794,"['joy', 0.754896]"
jv_arcena,2017-06-13 9:35,ph flags court colors nationwide flown at halfstaff from june 1316 in honor of fallen soldiers in marawi,"(['PH'], Location((12.44249325, 122.160395164, 0.0)))",en,0.019523,0.059347,0.090799,0.247899,0.215867,"['fear', 0.247899]"
PTVph,2017-06-13 9:34,look philippine flag at the supreme court is at half mast in honor of the lost soldiers in the ongoing marawi siege  via joygumataypic,"(['Philippines'], Location((12.7503486, 122.7312101, 0.0)))",en,0.095282,0.068529,0.394896,0.239554,0.478427,"['disgust', 0.478427]"
RAC_QCCentral,2017-06-13 9:32,we salute our fallen heroes who sacrificed their lives at marawi city saludokamisainyo,"(['Quezon City'], Location((14.6509905, 121.0486155, 0.0)))",en,0.031175,0.445882,0.459345,0.012325,0.075678,"['sadness', 0.459345]"
Xiao_Chua,2017-06-13 9:31,retweeted chiara zambrano  chiarazambrano taken friday night from the controlled area of marawi as,"(['Manila', ' Philippines'], Location((14.5906216, 120.9799696, 0.0)))",en,0.066342,0.22194,0.153366,0.217468,0.042494,"['joy', 0.22194]"
jirisenpai,2017-06-13 9:29,my heart for marawi,"(['Philippines'], Location((12.7503486, 122.7312101, 0.0)))",en,0.00045,0.712491,0.217628,0.056929,0.002988,"['joy', 0.712491]"
PhilippineStar,2017-06-13 9:27,sereno also orders colors of sc ca sandigan  cta also flown at halfstaff this week for marawi heroes,"(['Philippines'], Location((12.7503486, 122.7312101, 0.0)))",en,0.02287,0.28225,0.036412,0.033492,0.019762,"['joy', 0.28225]"
edupunay,2017-06-13 9:26,sereno also orders colors of sc ca sandigan  cta also flown at halfstaff this week for marawi heroes philippinestar,"(['Manila'], Location((14.5906216, 120.9799696, 0.0)))",en,0.02287,0.28225,0.036412,0.033492,0.019762,"['joy', 0.28225]"
PhilippineStar,2017-06-13 9:25,cj sereno orders all phil flags in courts nationwide flown at halfstaff this week in honor of fallen soldiers in marawi  edupunay,"(['Philippines'], Location((12.7503486, 122.7312101, 0.0)))",en,0.074316,0.107968,0.222297,0.102559,0.423082,"['disgust', 0.423082]"
JPValdez2015,2017-06-13 9:25,manila bulletin headlines tuesday  june 13 marawi rehab underway troops raise flag as bombs fall on marawi,"(['Isabela', ' Philippines'], Location((17.0, 122.0, 0.0)))",en,0.030573,0.080884,0.469817,0.310717,0.298067,"['sadness', 0.469817]"
edupunay,2017-06-13 9:24,cj sereno orders all phil flags in courts nationwide flown at halfstaff this week in honor of fallen soldiers in marawi philippinestar,"(['Manila'], Location((14.5906216, 120.9799696, 0.0)))",en,0.074316,0.107968,0.222297,0.102559,0.423082,"['disgust', 0.423082]"
msolen,2017-06-13 9:24,saludo sa 58 to our brave soldiers who gave up their lives to win peace for marawi and the,"(['Manila', ' Philippines'], Location((14.5906216, 120.9799696, 0.0)))",en,0.006907,0.788811,0.172722,0.022167,0.021806,"['joy', 0.788811]"
jdlacsamana,2017-06-13 9:23,a neighbouring city in lockdown as fighting rages in marawi  todayonline,"(['Manila', ' Philippines'], Location((14.5906216, 120.9799696, 0.0)))",en,0.778406,0.036365,0.030197,0.086207,0.091097,"['anger', 0.778406]"
JPValdez2015,2017-06-13 9:19,philippine daily inquirer headlines tuesday  june 13 phl flag flies as bombs rain on marawi city vp leads,"(['Isabela', ' Philippines'], Location((17.0, 122.0, 0.0)))",en,0.018595,0.037164,0.190459,0.490902,0.176445,"['fear', 0.490902]"
junjijayme165,2017-06-13 9:19,well mar was drinking scotch at the hotel lobby on the eve of yolanda but that doesnt mean i approve of du30s handling of marawi,"(['Metro Manila'], Location((14.5736108, 121.0329706, 0.0)))",en,0.040027,0.467232,0.059973,0.108203,0.162211,"['joy', 0.467232]"
JPValdez2015,2017-06-13 9:14,the philippine star headlines tuesday  june 13 phl flag raised in marawi not feeling well rody skips u0,"(['Isabela', ' Philippines'], Location((17.0, 122.0, 0.0)))",en,0.007488,0.306935,0.215499,0.045177,0.142124,"['joy', 0.306935]"
PhilDefNews,2017-06-13 9:13,marawi city crisis  day nineteen,"(['Manila', ' Philippines'], Location((14.5906216, 120.9799696, 0.0)))",en,0.103719,0.083788,0.322776,0.451395,0.177279,"['fear', 0.451395]"
carmelafonbuena,2017-06-13 9:12,operations in marawi all filipino  westmincom chief via rapplerdotcomhttp,"(['Manila', ' Philippines'], Location((14.5906216, 120.9799696, 0.0)))",en,0.117942,0.115641,0.109232,0.4213,0.209792,"['fear', 0.4213]"
rosebernales,2017-06-13 9:12,one love one mindanao help marawi concert,"(['davao city'], Location((7.22650725, 125.454887691, 0.0)))",en,0.017346,0.639478,0.275068,0.015825,0.005912,"['joy', 0.639478]"
venzie,2017-06-13 9:10,whats behind marawi crisis and martial law read this statement,"(['Philippines'], Location((12.7503486, 122.7312101, 0.0)))",en,0.142321,0.012286,0.15489,0.43901,0.53181,"['disgust', 0.53181]"
bluaudio,2017-06-13 9:09,pdut wants to talk with maute about peace fine but they follow the ideology of isis one of which is to burn history now marawi burns,"(['Manila'], Location((14.5906216, 120.9799696, 0.0)))",en,0.165836,0.359003,0.355526,0.237612,0.037487,"['joy', 0.359003]"
senyorita_farah,2017-06-13 9:06,a child evacuees from marawi siege died with serious disease english translation by fatimahzohrah farah m ,"(['Manila City', ' National Capital Region'], Location((14.5906216, 120.9799696, 0.0)))",en,0.151569,0.019784,0.708753,0.29047,0.081564,"['sadness', 0.708753]"
InaSilverio,2017-06-13 9:05,a guy from ze palace asks me daily 4 a report on marawi stopping myself from textingif d afp stops bombing marawi no need na for updates,"(['Philippines'], Location((12.7503486, 122.7312101, 0.0)))",en,0.351195,0.031737,0.429222,0.214722,0.212214,"['sadness', 0.429222]"
anjocalimario,2017-06-13 9:04,cj directs that ph flag court colors be flown at halfstaff in solidarity w families of all filipinos killed in marawi,"(['Philippines'], Location((12.7503486, 122.7312101, 0.0)))",en,0.094543,0.025967,0.079083,0.135322,0.12479,"['fear', 0.135322]"
rcarmell0,2017-06-13 9:03,talking martial law and marawi to death  the manila times online,"(['Republic of the Philippines'], Location((12.7503486, 122.7312101, 0.0)))",en,0.136425,0.019328,0.644031,0.32228,0.137183,"['sadness', 0.644031]"
yusufledesma,2017-06-13 9:02,inquirerdotnet ph flag flies as bombs rain on marawi city,"(['Manila'], Location((14.5906216, 120.9799696, 0.0)))",en,0.077888,0.029791,0.177778,0.48206,0.185894,"['fear', 0.48206]"
ModernizePH,2017-06-13 9:00,fires hit marawi amid independence day celebrations,"(['Republic of the Philippines'], Location((12.7503486, 122.7312101, 0.0)))",en,0.097234,0.689412,0.126109,0.052965,0.05915,"['joy', 0.689412]"
attymimi,2017-06-13 8:58,its heartbreaking to watch the news and see filipinos die bcs of fellow filipinos pray for marawi,"(['Iloilo City', ' Western Visayas'], Location((10.7026718, 122.5686136, 0.0)))",en,0.031306,0.02907,0.69529,0.206112,0.302817,"['sadness', 0.69529]"
ayicalagui,2017-06-13 8:56,how can we send relief goods for the marawi people and food for the soldiers dm bangonmarawi laban,"(['Makati City'], Location((14.5591272, 121.0202094, 0.0)))",en,0.023564,0.260514,0.058717,0.207212,0.013467,"['joy', 0.260514]"
fluffypwets,2017-06-13 8:54,woke up to terrible news  more fallen soldiers in marawi and families eating blankets out of,"(['Makati', ' Philippines'], Location((14.55459465, 121.021407905, 0.0)))",en,0.15189,0.030556,0.393657,0.47404,0.305128,"['fear', 0.47404]"
AkbayanParty,2017-06-13 8:49,akbayan partylist honors our fallen troops in marawi city on independence day photos from,"(['Quezon City', ' Philippines'], Location((14.6509905, 121.0486155, 0.0)))",en,0.031948,0.793512,0.08351,0.026179,0.049327,"['joy', 0.793512]"
AFruitPreserve,2017-06-13 8:47,duterte vows assistance to marawi war victims names evasco as rehab chief  mindanews,"(['PH'], Location((12.44249325, 122.160395164, 0.0)))",en,0.151761,0.031848,0.469977,0.091578,0.285115,"['sadness', 0.469977]"
inquirer_libre,2017-06-13 8:43,icymi solgen govt had advance info on marawi siege,"(['Philippines'], Location((12.7503486, 122.7312101, 0.0)))",en,0.031785,0.02134,0.642257,0.103318,0.172637,"['sadness', 0.642257]"
Zonbanlao,2017-06-13 8:40,extremism in a person is normal but it is not designed to last a lifetime  extremism in marawi can never match the goodness in people,"(['Danao City'], Location((7.1805219, 125.5744707, 0.0)))",en,0.291741,0.196385,0.301515,0.103374,0.089211,"['sadness', 0.301515]"
PNP_DPRM,2017-06-13 8:40,in photos briefing patrolling and clearing operations conducted by pnp personnel in marawi city pnppio photos,"(['Camp Crame', ' Quezon City'], Location((14.6080884, 121.053421306, 0.0)))",en,0.072774,0.624039,0.048241,0.050331,0.098161,"['joy', 0.624039]"
LOCALNEWSNgayon,2017-06-13 8:40,mother who recently had miscarriage loses husband to marawi conflict  read via gma news,"(['Philippines'], Location((12.7503486, 122.7312101, 0.0)))",en,0.123638,0.033385,0.751927,0.161122,0.218022,"['sadness', 0.751927]"
totocyven,2017-06-13 8:38,ph celebrates 119th independence day amid raging battle for marawi via abscbnnews,"(['Philippines'], Location((12.7503486, 122.7312101, 0.0)))",en,0.204058,0.585651,0.029531,0.067848,0.049386,"['joy', 0.585651]"
totocyven,2017-06-13 8:38,how us special forces help ph troops in marawi via abscbnnews,"(['Philippines'], Location((12.7503486, 122.7312101, 0.0)))",en,0.01664,0.074876,0.044854,0.123517,0.030796,"['fear', 0.123517]"
queztinjoi,2017-06-13 8:37,my heart goes to the fallen fellowmen in marawi on independece day,"(['Batangas', ' Philippines'], Location((13.916453, 121.0864884, 0.0)))",en,0.018075,0.534678,0.307186,0.125146,0.01804,"['joy', 0.534678]"
PHLNewsOnline,2017-06-13 8:37,gma news mother who recently had miscarriage loses husband to marawi conflict u,"(['Philippines'], Location((12.7503486, 122.7312101, 0.0)))",en,0.204653,0.022138,0.780123,0.113807,0.155961,"['sadness', 0.780123]"
PHLNewsOnline,2017-06-13 8:37,gma news remains of 5 marines killed in marawi brought to home provinces c,"(['Philippines'], Location((12.7503486, 122.7312101, 0.0)))",en,0.219764,0.068188,0.430133,0.269915,0.205951,"['sadness', 0.430133]"
MiniPhils,2017-06-13 8:36,thankyou to the 58 soldiers  police who have been killed in marawi city  for your bravery dedication  sacrifice for your country,"(['Taguig city', ' Philippines'], Location((14.5266254, 121.074403, 0.0)))",en,0.130163,0.193295,0.476623,0.235898,0.236193,"['sadness', 0.476623]"
UNTVNewsRescue,2017-06-13 8:35,remains of 8 soldiers killed in marawi clash brought to marines hq in taguig watch ,"(['Quezon City', ' Philippines'], Location((14.6509905, 121.0486155, 0.0)))",en,0.261026,0.130814,0.42581,0.274443,0.177767,"['sadness', 0.42581]"
ANCALERTS,2017-06-13 8:35,ancheadstart sylwander we provide water cleaning tablets household utensils for children of marawi,"(['Philippines'], Location((12.7503486, 122.7312101, 0.0)))",en,0.12258,0.113546,0.066444,0.032376,0.161551,"['disgust', 0.161551]"
ModernizePH,2017-06-13 8:30,emotional fireman at marawi independence day,"(['Republic of the Philippines'], Location((12.7503486, 122.7312101, 0.0)))",en,0.051491,0.634703,0.236984,0.030405,0.02836,"['joy', 0.634703]"
elvinuy,2017-06-13 8:26,but i am appealing to each and everyone of you stand with us in reclaiming and rebuilding our city our marawi ,"(['Manila', ' Philippines'], Location((14.5906216, 120.9799696, 0.0)))",en,0.105618,0.368957,0.241782,0.073941,0.191845,"['joy', 0.368957]"
carmeladuron,2017-06-13 8:25,dswd to provide onetime cash aid to marawi crisis evacuees during ramadan  department of social welfare and,"(['davao city'], Location((7.22650725, 125.454887691, 0.0)))",en,0.09482,0.075096,0.081108,0.181751,0.171908,"['fear', 0.181751]"
mariaressa,2017-06-13 8:24,salamatsaserbisyo netizens show support for marawi soldiers cops  via,"(['Philippines'], Location((12.7503486, 122.7312101, 0.0)))",en,0.042427,0.041387,0.178046,0.335052,0.607753,"['disgust', 0.607753]"
vengepaul,2017-06-13 8:21,about marawi and politics,"(['Batangas PH'], Location((13.916453, 121.0864884, 0.0)))",en,0.092458,0.047232,0.376743,0.028081,0.246432,"['sadness', 0.376743]"
ABSCBNNews,2017-06-13 8:18,mass for fallen marines in marawi operation begins at acero hall in marines hq fort bonifacio  via anjobagaoisanpic,"(['Manila', ' Philippines'], Location((14.5906216, 120.9799696, 0.0)))",en,0.078689,0.386855,0.031394,0.258109,0.115625,"['joy', 0.386855]"
realphpride,2017-06-13 8:13,pnp to send 566 scalawag police drug cops to marawi city chr reacts 9,"(['Republic of the Philippines'], Location((12.7503486, 122.7312101, 0.0)))",en,0.311615,0.024285,0.202002,0.372058,0.46242,"['disgust', 0.46242]"
gmanews,2017-06-13 8:11,remains of 5 marines killed in marawi brought to home provinces d,"(['Philippines'], Location((12.7503486, 122.7312101, 0.0)))",en,0.255739,0.082176,0.328322,0.244159,0.16248,"['sadness', 0.328322]"
LOCALNEWSNgayon,2017-06-13 8:10,remains of 5 marines killed in marawi brought to home provinces  read via gma news,"(['Philippines'], Location((12.7503486, 122.7312101, 0.0)))",en,0.108159,0.106868,0.402755,0.359545,0.285886,"['sadness', 0.402755]"
anjo_bagaoisan,2017-06-13 8:07,mass for fallen marines in marawi operation begins at acero hall in marine hq fort bonifacio,"(['Philippines'], Location((12.7503486, 122.7312101, 0.0)))",en,0.108774,0.359644,0.027579,0.197729,0.091897,"['joy', 0.359644]"
cbholganza,2017-06-13 8:04,dedicated to our soldiers in marawi and to all the family members of our soldiers as they bear the anxieties,"(['philippines'], Location((12.7503486, 122.7312101, 0.0)))",en,0.043746,0.082202,0.258528,0.750851,0.048183,"['fear', 0.750851]"
tsiinii15,2017-06-13 8:01,salute to the marawi heroes,"(['San Enrique', ' Western Visayas'], Location((-16.9360282, -67.3801258, 0.0)))",en,0.075516,0.571373,0.114192,0.022521,0.057279,"['joy', 0.571373]"
fan_geisha28,2017-06-13 8:01,my heart breaks for this child and all the victims in his country i can almost imagine how my own people feel in marawi marawiclash,"(['Manila', ' Philippines'], Location((14.5906216, 120.9799696, 0.0)))",en,0.102673,0.024169,0.842102,0.091568,0.177974,"['sadness', 0.842102]"
kgalarpe,2017-06-13 7:59,in photos army releases list of military police officers killed in marawi via gmanews,"(['Philippines'], Location((12.7503486, 122.7312101, 0.0)))",en,0.274843,0.007181,0.323599,0.315871,0.468589,"['disgust', 0.468589]"
gmanewsonline,2017-06-13 7:58,remains of 5 marines killed in marawi brought to home provinces 8,"(['Philippines'], Location((12.7503486, 122.7312101, 0.0)))",en,0.255739,0.082176,0.328322,0.244159,0.16248,"['sadness', 0.328322]"
nong2nong,2017-06-13 7:57,not only in marawi we all have to grieve the mess our country will be in years from now more unnecessary deaths awaiting,"(['Manila'], Location((14.5906216, 120.9799696, 0.0)))",en,0.112607,0.039034,0.702635,0.085499,0.212041,"['sadness', 0.702635]"
AFPManila,2017-06-13 7:56,video heavy fighting in southern philippine city of marawi on the nations independence day ferdinandhcabrehttps,"(['Manila'], Location((14.5906216, 120.9799696, 0.0)))",en,0.050316,0.598941,0.20817,0.037714,0.126568,"['joy', 0.598941]"
gmanews,2017-06-13 7:55,look fighting for flag and liberation of marawi  via junveneracion photo taken by troops on the front line pray for marawi,"(['Philippines'], Location((12.7503486, 122.7312101, 0.0)))",en,0.083837,0.078099,0.297264,0.250111,0.499002,"['disgust', 0.499002]"
jun_veneracion,2017-06-13 7:53,fighting for flag and liberation of marawi photo taken by troops on the front line,"(['Philippines'], Location((12.7503486, 122.7312101, 0.0)))",en,0.182118,0.092431,0.215124,0.114145,0.434437,"['disgust', 0.434437]"
ABSCBNNews,2017-06-13 7:50,ph celebrates 119th independence day amid raging battle for marawi,"(['Manila', ' Philippines'], Location((14.5906216, 120.9799696, 0.0)))",en,0.275367,0.515871,0.022611,0.041164,0.032811,"['joy', 0.515871]"
AFPManila,2017-06-13 7:48,philippine troops raise flag as bombs fall on wartorn marawi city  photos by noel celis  herime23,"(['Manila'], Location((14.5906216, 120.9799696, 0.0)))",en,0.092146,0.186044,0.428024,0.152583,0.362498,"['sadness', 0.428024]"
cbholganza,2017-06-13 7:46,pls share that our people may know the horrors the hardships this war in marawi is leaving us,"(['philippines'], Location((12.7503486, 122.7312101, 0.0)))",en,0.100767,0.015363,0.405343,0.533928,0.098638,"['fear', 0.533928]"
jassspreadlove,2017-06-13 7:44,retweeted concept  conceptgrp doj mulls financial aid for govt troops in marawi,"(['Manila City', ' National Capital'], Location((14.5906216, 120.9799696, 0.0)))",en,0.063818,0.067062,0.451408,0.109885,0.139418,"['sadness', 0.451408]"
aninongligaw35,2017-06-13 7:44,amen pray for marawi god bless you vice maywardgracesonemegaball,"(['Republic of the Philippines'], Location((12.7503486, 122.7312101, 0.0)))",en,0.010724,0.845783,0.070201,0.069529,0.016813,"['joy', 0.845783]"
PaodeMesa,2017-06-13 7:42,prayers for marawi,"(['Cainta', ' Calabarzon'], Location((14.5925129, 121.123530488, 0.0)))",en,0.048672,0.218886,0.64983,0.1821,0.002023,"['sadness', 0.64983]"
ABSCBNNews,2017-06-13 7:40,how us special forces help ph troops in marawi 9,"(['Manila', ' Philippines'], Location((14.5906216, 120.9799696, 0.0)))",en,0.025469,0.060829,0.034915,0.069771,0.017073,"['fear', 0.069771]"
mila_d_aguilar,2017-06-13 7:38,govt knew maute would stage marawi siege may 18 why did duterte  his 100 hangerson leave for russia may 22,"(['Quezon City', ' Metro Manila PH'], Location((14.6509905, 121.0486155, 0.0)))",en,0.083396,0.015121,0.576111,0.218215,0.136865,"['sadness', 0.576111]"
manggagawa,2017-06-13 7:35,independence rallies hit terrorism us involvement in marawi philstarnewshttps,"(['Philippines'], Location((12.7503486, 122.7312101, 0.0)))",en,0.098686,0.023245,0.189284,0.542906,0.360814,"['fear', 0.542906]"
Sgtkenji123,2017-06-13 7:31,i will not make jokes about our government for this day let us mourn for our fallen soldiers who died to save the people of marawi,"(['Dasmarinas', ' Calabarzon'], Location((14.6455597, 120.9995684, 0.0)))",en,0.134213,0.023579,0.788495,0.183696,0.120505,"['sadness', 0.788495]"
draleilajazz,2017-06-13 7:31,maybe the time he spent with the families of the 13 marawi heroes was too emotionally draining for him altteamafp,"(['Tacloban City', ' Eastern Visayas'], Location((14.6614269, 121.0469718, 0.0)))",en,0.058495,0.253973,0.681212,0.044137,0.033704,"['sadness', 0.681212]"
PHHotTrends,2017-06-13 7:30,taps for heroes of marawi marawiupdateshttps,"(['Manila City'], Location((14.5906216, 120.9799696, 0.0)))",en,0.079668,0.588091,0.111471,0.021995,0.059733,"['joy', 0.588091]"
chamonforte,2017-06-13 7:27,scribbles on marawi war after the marawi war note word war loosely used we are seeing our muslim filipino,"(['Davao Region'], Location((7.0645241, 125.6084143, 0.0)))",en,0.297999,0.104863,0.224159,0.168637,0.384304,"['disgust', 0.384304]"
jeanarbon,2017-06-13 7:22,dont you know how far to travel to marawitskmmeeyygghhaadd,"(['Philippines'], Location((12.7503486, 122.7312101, 0.0)))",en,0.089052,0.286327,0.090651,0.054942,0.087952,"['joy', 0.286327]"
StorerBoatPlans,2017-06-13 7:17,solgen govt had advance info on marawi siege 29,"(['Batangas City', ' Calabarzon'], Location((13.65966045, 121.06852702, 0.0)))",en,0.020098,0.028084,0.414662,0.042431,0.080831,"['sadness', 0.414662]"
nakngtweeting,2017-06-13 7:16,10 is there a rebellion in the marawi city seige strictly speaking it is not a case of rebellion but a mere terroristic act,"(['Quezon City', ' Philippines'], Location((14.6509905, 121.0486155, 0.0)))",en,0.151146,0.171226,0.145853,0.08214,0.107404,"['joy', 0.171226]"
SittieMoxsir,2017-06-13 7:14,i would use it to buy more relief goods for the evacuees in marawi city philippines,"(['Quezon City', ' Metro Manila', ' Philippines'], Location((14.6509905, 121.0486155, 0.0)))",en,0.01739,0.688499,0.1345,0.048756,0.0075,"['joy', 0.688499]"
ModernizePH,2017-06-13 7:10,tale of heroes marine killed in marawi is set to marry his fiance,"(['Republic of the Philippines'], Location((12.7503486, 122.7312101, 0.0)))",en,0.245595,0.382421,0.145317,0.023932,0.064709,"['joy', 0.382421]"
kevinleversee,2017-06-13 7:09,inquirerdotnet duterte i did not know of us help in marawi conflict beforehand,"(['Manila', ' Philippines'], Location((14.5906216, 120.9799696, 0.0)))",en,0.047045,0.132554,0.199128,0.059238,0.01499,"['sadness', 0.199128]"
thejohnhendrix,2017-06-13 7:08,in 2016 du30 paid p50m ransom to the abu sayyaf p50m to buy bombs to blast marawi  bullets to kill marines,"(['Quezon City'], Location((14.6509905, 121.0486155, 0.0)))",en,0.489445,0.041823,0.324269,0.22216,0.273871,"['anger', 0.489445]"
itsdrdrei,2017-06-13 7:01,my heart bleeds for marawi for all the soldiers the leaders and the civilians persisting and fighting for freedom and peace,"(['Philippines'], Location((12.7503486, 122.7312101, 0.0)))",en,0.073461,0.356207,0.069713,0.570896,0.067289,"['fear', 0.570896]"
cebudailynews,2017-06-13 6:56,icymi cebu honors modernday heroes in marawi,"(['NRA', ' Cebu City', ' Philippines'], Location((39.369933, -120.233522, 0.0)))",en,0.031583,0.446838,0.412909,0.030968,0.151329,"['joy', 0.446838]"
BukidnonOnline,2017-06-13 6:50,senator migs zubiri offers free ticket to marawi for fellow senator risa hontiveros and other antimartial law u,"(['Mindanao', ' Philippines'], Location((7.68980415, 125.236399692, 0.0)))",en,0.132591,0.139231,0.162693,0.144136,0.191438,"['disgust', 0.191438]"
PhilDefNews,2017-06-13 6:48,emotions ran high during the independence day flag raising ceremony in marawi city,"(['Manila', ' Philippines'], Location((14.5906216, 120.9799696, 0.0)))",en,0.064929,0.57585,0.119661,0.122806,0.10589,"['joy', 0.57585]"
michael_delizo,2017-06-13 6:44,wake for 5 marines killed in marawi is still ongoing at fort bonifacio taguig,"(['Imus', ' Cavite'], Location((14.4021133, 120.932366655, 0.0)))",en,0.421546,0.030744,0.477247,0.292982,0.074795,"['sadness', 0.477247]"
jacthefrost07,2017-06-13 6:25,good morning ph prayforpeace pray for marawi we lost 100s of armies or marines but we promise to god we never losses thousands of hope,"(['davao city'], Location((7.22650725, 125.454887691, 0.0)))",en,0.040093,0.268345,0.35378,0.374205,0.069931,"['fear', 0.374205]"
carmelafonbuena,2017-06-13 6:25,but who said duterte was in marawi my tweet says he was in cagayan de oro the other tweet says he was at villamor cant you read,"(['Manila', ' Philippines'], Location((14.5906216, 120.9799696, 0.0)))",en,0.0398,0.320938,0.415412,0.102323,0.270481,"['sadness', 0.415412]"
chin99ay,2017-06-13 6:24,he is with the fallen soldiers who fought valiantly for marawi,"(['Republic of the Philippines'], Location((12.7503486, 122.7312101, 0.0)))",en,0.167779,0.023496,0.329856,0.593026,0.155349,"['fear', 0.593026]"
krystelgee,2017-06-13 6:11,this years independence day is very emotional but happy does not cut it if anything its a sad day considering the situation in marawi,"(['Republic of the Philippines'], Location((12.7503486, 122.7312101, 0.0)))",en,0.028533,0.093057,0.843874,0.094295,0.079031,"['sadness', 0.843874]"
FranzM1927,2017-06-13 6:09,yesterday the trending list is all about independence day and marawi now its all about e3,"(['Philippines (Spanish prison)'], Location((14.29574855, 121.006580113, 0.0)))",en,0.040627,0.568804,0.202277,0.075388,0.047116,"['joy', 0.568804]"
wherehaveYoBen,2017-06-13 6:09,snappy salute salute to those who sacrificed their lives in marawi salamatsaserbisyohttps,"(['Lucban', ' Quezon'], Location((14.114401, 121.55486, 0.0)))",en,0.045073,0.239609,0.568517,0.03766,0.109528,"['sadness', 0.568517]"
pinoynewsonline,2017-06-13 6:08,aguirre sees ouster plot vs duterte linked to marawi crisis more info,"(['Republic of the Philippines'], Location((12.7503486, 122.7312101, 0.0)))",en,0.043531,0.024842,0.145265,0.259132,0.28056,"['disgust', 0.28056]"
simone_batalla,2017-06-13 6:08,so sad to hear that there were so many soldiers who died during the bakbakan on marawi city philippines,"(['Philippines'], Location((12.7503486, 122.7312101, 0.0)))",en,0.03894,0.009581,0.870853,0.246996,0.055102,"['sadness', 0.870853]"
ttlingen,2017-06-13 6:00,i have been there before and because he was there he cant be the same time in marawi thats what i write and no one understands ,"(['Camiguin'], Location((9.166667, 124.75, 0.0)))",en,0.114176,0.435305,0.157447,0.10449,0.053742,"['joy', 0.435305]"
mhadjiisah,2017-06-13 5:43,day 19th of marawi clash between afp and maute terrorist pray for marawi,"(['Bacolod-Kalawi', ' Autonomous Reg'], Location((7.8576753, 124.1423567, 0.0)))",en,0.160311,0.018395,0.607744,0.425546,0.109369,"['sadness', 0.607744]"
nerowattz,2017-06-13 5:41,palace knew marawi plot ahead of attack inquirermobilehttp,"(['Makati City'], Location((14.5591272, 121.0202094, 0.0)))",en,0.311706,0.148936,0.102096,0.441576,0.156792,"['fear', 0.441576]"
raineedcpa,2017-06-13 5:40,indeed we will be tested patience pray for marawi quran 2214,"(['Marawi city', ' Philippines'], Location((8.0034938, 124.286626, 0.0)))",en,0.05373,0.059271,0.217417,0.516763,0.075904,"['fear', 0.516763]"
direkmarky,2017-06-13 5:40,marawi fallen calida sereno  evening wrap,"(['Philippines'], Location((12.7503486, 122.7312101, 0.0)))",en,0.07074,0.11947,0.350866,0.116815,0.083636,"['sadness', 0.350866]"
inquirerdotnet,2017-06-13 5:36,icymi maute military supporters in marawi wage different kind of war on social media,"(['Makati City'], Location((14.5591272, 121.0202094, 0.0)))",en,0.080464,0.02723,0.434348,0.170276,0.527842,"['disgust', 0.527842]"
clavenilo,2017-06-13 5:26,pdut last card in his bag of magic tricks is ml  he got it and got nothing to show in marawi  next federalism will he even survive 2017,"(['Philippines'], Location((12.7503486, 122.7312101, 0.0)))",en,0.060469,0.490533,0.323602,0.075569,0.024019,"['joy', 0.490533]"
Cr0w1968,2017-06-13 5:16,to all the policesoldiers who died protecting marawi and the whole philippines i salute all of you salamatsaserbisyo,"(['Amadeo', ' Cavite'], Location((14.169565, 120.9219672, 0.0)))",en,0.039145,0.052093,0.765339,0.053901,0.259895,"['sadness', 0.765339]"
clavenilo,2017-06-13 5:09,this admin puro dakdak at yabang style shattered by the marawi crisis they cant handle now their call to federalism will anyone follow them,"(['Philippines'], Location((12.7503486, 122.7312101, 0.0)))",en,0.131279,0.040811,0.563174,0.328211,0.200218,"['sadness', 0.563174]"
rapplerdotcom,2017-06-13 5:07,what is your message for the soldiers and policemen in marawi city thank them using salamatsaserbisyo,"(['Philippines'], Location((12.7503486, 122.7312101, 0.0)))",en,0.029092,0.272987,0.03809,0.048004,0.013113,"['joy', 0.272987]"
phnews24x7,2017-06-13 5:06,china supports phls fight against maute other islamists in marawi ,"(['Philippines'], Location((12.7503486, 122.7312101, 0.0)))",en,0.152878,0.109165,0.218648,0.162607,0.236896,"['disgust', 0.236896]"
deanjorgebocobo,2017-06-13 4:57,well yeah wasnt it who invited maute to attack marawi ,"(['Philippines'], Location((12.7503486, 122.7312101, 0.0)))",en,0.208776,0.087998,0.078875,0.734404,0.104865,"['fear', 0.734404]"
clavenilo,2017-06-13 4:54,pdut yabang at puro dakdak na admin is now crumbling in front of us due to marawi first big time crisis they faced they cant handle it,"(['Philippines'], Location((12.7503486, 122.7312101, 0.0)))",en,0.067372,0.054478,0.644954,0.285054,0.148067,"['sadness', 0.644954]"
inquirerdotnet,2017-06-13 4:53,icymi solgen govt had advance info on marawi siege  t2tupasinq 0,"(['Makati City'], Location((14.5591272, 121.0202094, 0.0)))",en,0.031785,0.02134,0.642257,0.103318,0.172637,"['sadness', 0.642257]"
unica_hijaaa,2017-06-13 4:52,instead of blaming others lets just pray for the country more than we criticize every wrong thing happening in our country pray for marawi,"(['Philippines'], Location((12.7503486, 122.7312101, 0.0)))",en,0.241678,0.00999,0.618673,0.210813,0.282735,"['sadness', 0.618673]"
krisell_lumagui,2017-06-13 4:45,high noon salute to marawi heroes,"(['MNL'], Location((14.5121499, 121.022046716, 0.0)))",en,0.07162,0.475305,0.124535,0.043948,0.06334,"['joy', 0.475305]"
kevinleversee,2017-06-13 4:44,trillanes tells duterte on us help in marawi swallow your pride and be grateful via gmanews,"(['Manila', ' Philippines'], Location((14.5906216, 120.9799696, 0.0)))",en,0.016748,0.815894,0.046265,0.035805,0.04846,"['joy', 0.815894]"
nerowattz,2017-06-13 4:41,more than 700 teachers still unaccounted for in marawi inquirermobilehttp,"(['Makati City'], Location((14.5591272, 121.0202094, 0.0)))",en,0.329075,0.245664,0.142795,0.12722,0.211762,"['anger', 0.329075]"
ryyndi,2017-06-13 4:40,watch japan china donates massive amount of construction materials for marawi rehabilitation,"(['Iligan City'], Location((8.17846435, 124.470789035, 0.0)))",en,0.044576,0.387588,0.204289,0.252954,0.128436,"['joy', 0.387588]"
phnews24x7,2017-06-13 4:36,american soldiers spotted in marawi city ,"(['Philippines'], Location((12.7503486, 122.7312101, 0.0)))",en,0.057737,0.06024,0.291825,0.192434,0.409067,"['disgust', 0.409067]"
RauldeManila,2017-06-13 4:29,new york times blames wrong filipino president for ignoring the rise of isis marawi by reynz on june 12 2017,"(['Manila'], Location((14.5906216, 120.9799696, 0.0)))",en,0.291282,0.002589,0.588092,0.101753,0.373878,"['sadness', 0.588092]"
horhiinaa,2017-06-13 4:27,marawi will soon be totally free happy independence day philippines,"(['Calabarzon', ' Republic of the Ph'], Location((14.16441485, 121.353652374, 0.0)))",en,0.062765,0.291069,0.22756,0.163059,0.042174,"['joy', 0.291069]"
dzrhnews,2017-06-13 4:20,govt fails to restore normalcy in marawi city amid independence day celebration,"(['Manila', ' Philippines'], Location((14.5906216, 120.9799696, 0.0)))",en,0.097399,0.277977,0.549093,0.096194,0.049434,"['sadness', 0.549093]"
Erialczekc,2017-06-13 4:08,well for mei do the samei prefer not to celebrate w that kind of situationso many soldierspeople got died in marawi justsayinghttps,"(['Makati', ' Philippines'], Location((14.55459465, 121.021407905, 0.0)))",en,0.067026,0.061892,0.846452,0.150876,0.024906,"['sadness', 0.846452]"
chris_vill123,2017-06-13 4:07,maute military supporters in marawi wage different kind of war on social media via inqmindanao,"(['Roxas City', ' Western Visayas'], Location((11.62493885, 122.739520941, 0.0)))",en,0.063248,0.058817,0.294268,0.145795,0.565056,"['disgust', 0.565056]"
candyhmd,2017-06-13 4:06,well not really home marawi is my hometown iligan is my 2nd home but still ill be with my family again,"(['Philippines'], Location((12.7503486, 122.7312101, 0.0)))",en,0.078741,0.15366,0.67796,0.165774,0.044608,"['sadness', 0.67796]"
ModernizePH,2017-06-13 4:00,some children play basketball in marawi,"(['Republic of the Philippines'], Location((12.7503486, 122.7312101, 0.0)))",en,0.077144,0.246673,0.34994,0.062197,0.148241,"['sadness', 0.34994]"
dzrhnews,2017-06-13 4:00,vice governor cries during flagraising in marawi city,"(['Manila', ' Philippines'], Location((14.5906216, 120.9799696, 0.0)))",en,0.037479,0.028862,0.827446,0.078961,0.034584,"['sadness', 0.827446]"
dzrhnews,2017-06-13 3:50,prez duterte praises ilocano and ilonggo soldiers is marawi,"(['Manila', ' Philippines'], Location((14.5906216, 120.9799696, 0.0)))",en,0.00852,0.167405,0.221492,0.048607,0.360515,"['disgust', 0.360515]"
ElaineLee019,2017-06-13 3:41,look americans spotted flying drone in marawi 9,"(['Manila Philippines'], Location((14.5906216, 120.9799696, 0.0)))",en,0.05683,0.126947,0.152663,0.10364,0.421089,"['disgust', 0.421089]"
inquirer_libre,2017-06-13 3:27,ph flag flies as bombs rain on marawi city,"(['Philippines'], Location((12.7503486, 122.7312101, 0.0)))",en,0.077888,0.029791,0.177778,0.48206,0.185894,"['fear', 0.48206]"
absalonrabadon,2017-06-13 3:17,awaitingpicturefordutertefall yellow happiness of marawis sadness leni robredo claps and laughs having teeth,"(['Philippines'], Location((12.7503486, 122.7312101, 0.0)))",en,0.001719,0.93079,0.046422,0.003435,0.021248,"['joy', 0.93079]"
rapplerdotcom,2017-06-13 3:07,icymi watch the countrys independence day tribute to soldiers and police killed in the marawi city clashes,"(['Philippines'], Location((12.7503486, 122.7312101, 0.0)))",en,0.138464,0.089841,0.560764,0.337481,0.18807,"['sadness', 0.560764]"
SittieMoxsir,2017-06-13 3:06,i just need this to help my father buy relief goods for evacuees of marawi city in philippines the one who were attack by terrorist,"(['Quezon City', ' Metro Manila', ' Philippines'], Location((14.6509905, 121.0486155, 0.0)))",en,0.060572,0.127423,0.415394,0.567325,0.017519,"['fear', 0.567325]"
ABSCBNNews,2017-06-13 3:00,icymi blasts rock besieged marawi as ph marks independence day d,"(['Manila', ' Philippines'], Location((14.5906216, 120.9799696, 0.0)))",en,0.053812,0.491355,0.281757,0.128749,0.047989,"['joy', 0.491355]"
momblogger,2017-06-13 3:00,tearful flagraising in marawi as ph celebrates independence day the provincial capitol and the city hall in,"(['Makati City', ' Philippines'], Location((14.5591272, 121.0202094, 0.0)))",en,0.020431,0.547027,0.018034,0.03136,0.065293,"['joy', 0.547027]"
dailyjostle,2017-06-13 2:57,sass sasots weird attempt to cast the messup over the american involvement in marawi as brilliant strategy zero likes deleted after 5hrs,"(['Manila', ' Philippines'], Location((14.5906216, 120.9799696, 0.0)))",en,0.162549,0.054293,0.540816,0.258201,0.272853,"['sadness', 0.540816]"
malaque_reg,2017-06-13 2:18,respect and love to all our fallen soldiers in marawiyou made the country proud,"(['Davao City', ' Davao Region'], Location((7.22650725, 125.454887691, 0.0)))",en,0.00532,0.933863,0.022646,0.027032,0.015246,"['joy', 0.933863]"
mikealmasan,2017-06-13 2:10,sharing a caring message of peace and prayers for the victims and displace people of marawi city u,"(['National Capital Region'], Location((14.5736108, 121.0329706, 0.0)))",en,0.04311,0.453727,0.497005,0.027073,0.008337,"['sadness', 0.497005]"
pinoystock,2017-06-13 2:10,of manchester and marawi  business mirror phstockmarket,"(['Philippines'], Location((12.7503486, 122.7312101, 0.0)))",en,0.006969,0.166756,0.12609,0.033893,0.021775,"['joy', 0.166756]"
PHLNewsOnline,2017-06-13 2:03,inquirer maranao leaders seek dialogue with duterte on marawi conflict u,"(['Philippines'], Location((12.7503486, 122.7312101, 0.0)))",en,0.168345,0.27534,0.281326,0.116195,0.17632,"['sadness', 0.281326]"
PHLNewsOnline,2017-06-13 2:03,inquirer ph flag flies as bombs rain on marawi city,"(['Philippines'], Location((12.7503486, 122.7312101, 0.0)))",en,0.077888,0.029791,0.177778,0.48206,0.185894,"['fear', 0.48206]"
PHLNewsOnline,2017-06-13 2:03,inquirer marawi mayor rallies maranaos to beat evil maute abu sayyaf groups,"(['Philippines'], Location((12.7503486, 122.7312101, 0.0)))",en,0.359568,0.082658,0.125946,0.304457,0.361453,"['disgust', 0.361453]"
adriancuenca,2017-06-13 2:02,the way all these apologists proclaim political strategy or chess move in defending d30s poor handling of the marawi siege,"(['Makati City'], Location((14.5591272, 121.0202094, 0.0)))",en,0.230165,0.028448,0.514322,0.143308,0.359671,"['sadness', 0.514322]"
lxmgbn,2017-06-13 1:58,if only i could thank the soldiers  fallen and not one by one for their bravery in fighting for marawi and our for our country as well,"(['MNL'], Location((14.5121499, 121.022046716, 0.0)))",en,0.037197,0.410368,0.161077,0.190365,0.033893,"['joy', 0.410368]"
cielstar24,2017-06-13 1:54,so now i know why i got goosebumps when i heard a us drone operating in marawi gosh universe please guide and,"(['philippines'], Location((12.7503486, 122.7312101, 0.0)))",en,0.034139,0.08644,0.137858,0.097728,0.039193,"['sadness', 0.137858]"
inquirerdotnet,2017-06-13 1:51,icymi death of 13 marines in marawi acceptable statistics says ao  anawalinq,"(['Makati City'], Location((14.5591272, 121.0202094, 0.0)))",en,0.213412,0.002828,0.599766,0.162783,0.260122,"['sadness', 0.599766]"
jeanarbon,2017-06-13 1:50,im just telling you kahit puyat hes in marawi to honor soldiers know first before you react hahaiz,"(['Philippines'], Location((12.7503486, 122.7312101, 0.0)))",en,0.177917,0.501489,0.2037,0.087777,0.087579,"['joy', 0.501489]"
BukidnonOnline,2017-06-13 1:47,senator migs zubiri offers free ticket to marawi for fellow senator risa hontiveros and other antimartial law,"(['Mindanao', ' Philippines'], Location((7.68980415, 125.236399692, 0.0)))",en,0.132591,0.139231,0.162693,0.144136,0.191438,"['disgust', 0.191438]"
mikealmasan,2017-06-13 1:37,sharing a caring message of sympathy and prayers to the victims of conflict in marawi city,"(['National Capital Region'], Location((14.5736108, 121.0329706, 0.0)))",en,0.068298,0.085632,0.86952,0.012494,0.010257,"['sadness', 0.86952]"
jeanarbon,2017-06-13 1:37,always remember that marawi is a small part of mindanao and mindanao is not only marawi dont generalize mindanao as marawi braindead kayo,"(['Philippines'], Location((12.7503486, 122.7312101, 0.0)))",en,0.071403,0.393093,0.359149,0.099418,0.024383,"['joy', 0.393093]"
philmonitor,2017-06-13 1:32,more than 50 cops in lanao del sur remain unaccounted for since the marawi siege  via philmonitor,"(['Republic of the Philippines'], Location((12.7503486, 122.7312101, 0.0)))",en,0.100234,0.065806,0.311671,0.241543,0.401701,"['disgust', 0.401701]"
azir_sangri88,2017-06-13 1:15,my thoughts and prayers always for marawi thank you vicegandako,"(['Republic of the Philippines'], Location((12.7503486, 122.7312101, 0.0)))",en,0.017905,0.626164,0.313103,0.03055,0.002092,"['joy', 0.626164]"
supahstarlet,2017-06-13 1:08,anyway i am saddened by the fall of our 58 soldiers in marawi parasabayan,"(['Dasmarinas', ' Calabarzon'], Location((14.6455597, 120.9995684, 0.0)))",en,0.050049,0.02392,0.760457,0.360082,0.011408,"['sadness', 0.760457]"
herewardC,2017-06-13 1:05,you have done your duty to honour you is ours salute to our fallen soldiers rest in peace marawi heroes ,"(['Cebu', ' Philippines'], Location((10.45, 123.84, 0.0)))",en,0.142279,0.153271,0.556856,0.151315,0.049903,"['sadness', 0.556856]"
ModernizePH,2017-06-13 1:00,high salute to marawi heroes c,"(['Republic of the Philippines'], Location((12.7503486, 122.7312101, 0.0)))",en,0.067124,0.536175,0.118337,0.037617,0.060642,"['joy', 0.536175]"
TiMoJeNsAcAr,2017-06-13 0:55,end this war unite and build a better marawi city bangonmarawi,"(['Manila', ' Philippines'], Location((14.5906216, 120.9799696, 0.0)))",en,0.099925,0.534694,0.215114,0.081508,0.030219,"['joy', 0.534694]"
TheManilaTimes,2017-06-13 0:51,troops raise tricolors as bombs fall on marawi city,"(['Philippines'], Location((12.7503486, 122.7312101, 0.0)))",en,0.134705,0.105384,0.564031,0.280501,0.131919,"['sadness', 0.564031]"
_youknees,2017-06-13 0:48,i pray that marawi mindanao luzon visayas will have peace no more blood shed no more war prayforthephilippines independenceday,"(['Cebu', ' Philippines'], Location((10.45, 123.84, 0.0)))",en,0.033806,0.026312,0.415428,0.589497,0.154411,"['fear', 0.589497]"
_youknees,2017-06-13 0:47,i salute those men who are now in marawi offering their lives for us to have peace you are all in my prayers independenceday,"(['Cebu', ' Philippines'], Location((10.45, 123.84, 0.0)))",en,0.042525,0.648466,0.259581,0.055379,0.00732,"['joy', 0.648466]"
nerowattz,2017-06-13 0:46,maranao leaders seek dialogue with duterte on marawi conflict inquirermobilehttp,"(['Makati City'], Location((14.5591272, 121.0202094, 0.0)))",en,0.168345,0.27534,0.281326,0.116195,0.17632,"['sadness', 0.281326]"
melcortezph,2017-06-13 0:41,among the casualties of the war in marawi city were plans to build two theme parks each worth around p1 billion,"(['Quezon  City'], Location((14.6509905, 121.0486155, 0.0)))",en,0.044227,0.636147,0.248613,0.057039,0.00742,"['joy', 0.636147]"
melcortezph,2017-06-13 0:38,casualties of marawi war cdo theme parks,"(['Quezon  City'], Location((14.6509905, 121.0486155, 0.0)))",en,0.100645,0.330341,0.172415,0.145489,0.170886,"['joy', 0.330341]"
mrsmajaniedo,2017-06-13 0:37,id wish to ask a couple of questions for this senator who keeps bashing our president have you visited marawi,"(['Philippines'], Location((12.7503486, 122.7312101, 0.0)))",en,0.132574,0.124447,0.202012,0.092286,0.189783,"['sadness', 0.202012]"
DailyStarPH,2017-06-13 0:33,dailystarph philippines marawi rehab underway  manila bulletin news ,"(['Republic of the Philippines'], Location((12.7503486, 122.7312101, 0.0)))",en,0.055646,0.103751,0.490904,0.203145,0.285917,"['sadness', 0.490904]"
misseunicerolle,2017-06-13 0:31,saw the news today continuous prayers for our brothers and sisters in marawi,"(['Manila', ' PH'], Location((14.5906216, 120.9799696, 0.0)))",en,0.085737,0.405448,0.376578,0.161575,0.073739,"['joy', 0.405448]"
ABSCBNNews,2017-06-13 0:30,philippines honors slain troops in marawi on independence day d 1,"(['Manila', ' Philippines'], Location((14.5906216, 120.9799696, 0.0)))",en,0.033705,0.732924,0.089906,0.03863,0.065855,"['joy', 0.732924]"
VincentPozon,2017-06-13 0:27,while they squeal and squabble like pigs in manila they weep in marawi ,"(['Philippines'], Location((12.7503486, 122.7312101, 0.0)))",en,0.15491,0.230755,0.278601,0.059322,0.389528,"['disgust', 0.389528]"
nerowattz,2017-06-13 0:26,to get marawi back on its feet 9,"(['Makati City'], Location((14.5591272, 121.0202094, 0.0)))",en,0.324522,0.12155,0.423829,0.281327,0.132674,"['sadness', 0.423829]"
nerowattz,2017-06-13 0:26,ph flag flies as bombs rain on marawi city inquirermobilehttpcd,"(['Makati City'], Location((14.5591272, 121.0202094, 0.0)))",en,0.077888,0.029791,0.177778,0.48206,0.185894,"['fear', 0.48206]"
TinMagdaraog,2017-06-13 0:20,i hope this war ends soon so that our soldiers can go back to their families and the people of marawi can rebuild their lives,"(['manila', ' philippines'], Location((14.5906216, 120.9799696, 0.0)))",en,0.066225,0.247475,0.562888,0.204235,0.066917,"['sadness', 0.562888]"
cebudailynews,2017-06-13 0:11,cebu honors modernday heroes in marawi,"(['NRA', ' Cebu City', ' Philippines'], Location((39.369933, -120.233522, 0.0)))",en,0.040533,0.817805,0.06934,0.004228,0.066132,"['joy', 0.817805]"
TinMagdaraog,2017-06-13 0:09,sad about the ongoing war in marawi we have brothers and sisters risking their lives battling for freedom,"(['manila', ' philippines'], Location((14.5906216, 120.9799696, 0.0)))",en,0.093238,0.032234,0.744514,0.344917,0.036915,"['sadness', 0.744514]"
Baibonn,2017-06-13 0:08,how timely farewell to our 58 fallen heroes who died in marawi city siege please pray for peace may this nightmare be over rip,"(['Quezon City', ' Philippines'], Location((14.6509905, 121.0486155, 0.0)))",en,0.072002,0.06546,0.670744,0.358001,0.04255,"['sadness', 0.670744]"
juniaducusin,2017-06-13 0:05,woah i just saw your outfit for megamillennialballwithelnella vicegandako pray for marawi,"(['MNL'], Location((14.5121499, 121.022046716, 0.0)))",en,0.053365,0.101487,0.350827,0.250613,0.398506,"['disgust', 0.398506]"
cebudailynews,2017-06-13 0:04,marawi folk soldiers raise ph flag with heavy hearts 0c,"(['NRA', ' Cebu City', ' Philippines'], Location((39.369933, -120.233522, 0.0)))",en,0.023294,0.227852,0.408148,0.145492,0.283401,"['sadness', 0.408148]"
md_zarate,2017-06-13 0:02,martiallaw in the midst of the marawi crisis cong alejano 4lack of attn wants to change the name of the country wow critical thinker,"(['National Capital Region', ' Repub'], Location((14.5736108, 121.0329706, 0.0)))",en,0.055819,0.066293,0.166124,0.190498,0.212868,"['disgust', 0.212868]"
kalyeseryefan1,2017-06-13 0:00,happy independence day before we sleep lets not forget to pray for our soldiers and the people of marawi good night,"(['National Capital Region'], Location((14.5736108, 121.0329706, 0.0)))",en,0.004069,0.82817,0.052233,0.116082,0.023906,"['joy', 0.82817]"
TempoPHL,2017-06-13 0:00,poor marawi folk first in rehabplan,"(['Intramuros', ' Philippines'], Location((14.5905862, 120.97533, 0.0)))",en,0.139121,0.021376,0.691682,0.24367,0.226348,"['sadness', 0.691682]"
ziancyianncy,2017-06-13 0:00,may all killed at marawi conflict and all victims of war rest in christ  be awakened in that day of days  take them by god in kingdom,"(['National Capital Region'], Location((14.5736108, 121.0329706, 0.0)))",en,0.336348,0.056196,0.645514,0.143415,0.086722,"['sadness', 0.645514]"
PIADesk,2017-06-13 0:00,dswd conducts stress debriefing sessions play therapy for children individuals affected in marawi conflict,"(['Philippines'], Location((12.7503486, 122.7312101, 0.0)))",en,0.199719,0.041962,0.51448,0.368431,0.025447,"['sadness', 0.51448]"
